Beta matrix values (n_betas x CHAINLEN)

Beta step 1:
	 0.53852	 0.64509	 0.75477	 1.07167	 0.47155	 0.78061	 0.83139	55.54273	 1.00085	 0.56740	 0.51067	 0.70097	 0.51942	 0.67882	 3.54020	 0.69706	 0.38429	 0.71239	 0.83072	 0.51217	 0.75824	 0.72264	 1.90695	 0.43019	 0.53794	 0.97381	 0.97761	10000000000.00000	 0.46805	 0.53405	 0.66107	 0.49307	 0.40972	 0.82082	10000000000.00000	10000000000.00000	10000000000.00000	 0.66686	 0.51431	 0.36871	 0.53125	 0.41544	 1.22376	 0.76189	 1.82943	 5.47593	 0.55757	 3.10848	 0.99733	 0.69272	 0.84311	 1.48633	 1.41651	 1.03673	 0.59310	 0.60557	 0.31181	 0.86453	 0.35883	 0.34428	 0.32558	 2.00053	10000000000.00000	 1.39164	 0.39370	 0.44695	 0.34857	 0.41442	 0.36492	 0.91168	 0.52323	 0.46635	 0.54089	 0.55234	 0.59060	 0.64860	 1.34079	 0.56015	 0.73397	 0.81894	 0.65603	 0.42312	 1.08167	 0.46793	 0.71829	 0.47233	 0.58143	 0.52283	 0.45772	 0.53202	 1.04510	 0.50889	 0.68322	 0.48067	 0.68687	 0.85328	 0.51986	 0.48965	 0.49185	 1.22706	 1.00352	 1.04077	 0.65968	 1.18065	 0.92560	 1.90836	 0.76022	 0.57837	 0.32943	10000000000.00000	10000000000.00000	10000000000.00000	10000000000.00000	 0.31182	 0.35819	 0.44466	 0.57537	 0.95544	 2.09560	 3.93300	17.14847	10000000000.00000	10000000000.00000	10000000000.00000	23.43171	 7.85075	 2.53366	 1.39111	 0.68549	 0.49550	 0.39220	 0.32924	 0.31372	 0.32075	 0.33349	 0.48342	 0.63230	 0.38051	 1.15872	 1.14182	 1.11583	 1.12386	 0.96218	 0.53645	 0.99284	 0.84223	 0.79394	 0.77350	 0.75091	 0.41759	 0.37754	 0.41947	 0.70460	 0.90288	 2.94150	 0.55483	 0.95376	 0.43513	 0.59215	 0.59105	 0.87103	 0.47354	 0.60935	 0.64396	 1.07206	 0.51238	 0.53631	 0.62618	 0.62835	 0.99420	 0.62393	 1.93885	 0.46178	 0.57554	 0.58141	 0.47441	10000000000.00000	 0.45511	 0.40873	 0.46047	 0.37393	 0.42144	 1.60897	 1.60622	 3.84484	 1.67218	 0.63261	 0.39942	 0.43726	 0.57875	 0.39245	 1.23306	 0.93751	 2.21700	 1.57285	 0.53468	 1.90523	 1.12164	 0.50661	 0.73157	40.45519	 0.47192	 0.79189	 0.81032	 1.10027	 0.77779	 0.35261	 4.50696	 4.33735	10000000000.00000	10000000000.00000	10000000000.00000	10000000000.00000	 4.25987	 4.20953	 0.41815	 0.56425	 0.39818	 0.64588	 0.45311	 0.64775	 1.04493	 0.71212	 1.83411	 0.47468	 1.65349	 1.66758	 1.04917	 1.15844	 1.05357	 0.45317	 0.91003	 0.93074	 2.58960	 2.41806	 0.71162	 0.45572	 0.61620	 0.63639	 1.52763	 0.61102	 1.55523	 0.68407	 0.51592	 0.70201	 0.87831	 0.53741	 0.68200	 1.24886	 0.49650	 0.99265	 0.48369	 1.22473	 0.97708	 1.93186	 0.46272	 0.44847	 0.39107	 0.37548	 0.44037	 0.47324	 1.42378	55.54273	10000000000.00000	10000000000.00000	10000000000.00000	10000000000.00000	10000000000.00000	10000000000.00000	10000000000.00000	10000000000.00000	10000000000.00000	10000000000.00000	10000000000.00000	10000000000.00000	10000000000.00000	10000000000.00000	10000000000.00000	10000000000.00000	10000000000.00000	10000000000.00000	 7.09772	 0.50373	 0.32654	 0.36085	 0.33296	 0.53190	 1.77984	 1.21604	 0.52165	 1.11413	 1.09816	 0.75353	 0.72434	 0.54168	 0.63226	 0.56709	10000000000.00000

Beta step 2:
	 0.54929	 0.65799	 0.76987	 1.09310	 0.48098	 0.79622	 0.84802	56.65358	 1.02086	 0.57875	 0.52088	 0.71499	 0.52981	 0.69239	 3.61100	 0.71100	 0.39197	 0.72664	 0.84733	 0.52241	 0.77341	 0.73709	 1.94509	 0.43880	 0.54870	 0.99328	 0.99717	10200000000.00000	 0.47741	 0.54473	 0.67429	 0.50294	 0.41791	 0.83723	10200000000.00000	10200000000.00000	10200000000.00000	 0.68019	 0.52460	 0.37608	 0.54188	 0.42375	 1.24824	 0.77713	 1.86602	 5.58545	 0.56872	 3.17065	 1.01728	 0.70658	 0.85997	 1.51606	 1.44484	 1.05747	 0.60497	 0.61768	 0.31804	 0.88182	 0.36600	 0.35116	 0.33209	 2.04054	10200000000.00000	 1.41948	 0.40157	 0.45589	 0.35555	 0.42271	 0.37222	 0.92992	 0.53369	 0.47568	 0.55171	 0.56339	 0.60241	 0.66157	 1.36761	 0.57135	 0.74865	 0.83532	 0.66915	 0.43159	 1.10330	 0.47729	 0.73266	 0.48178	 0.59306	 0.53329	 0.46688	 0.54266	 1.06600	 0.51906	 0.69689	 0.49028	 0.70061	 0.87035	 0.53025	 0.49944	 0.50169	 1.25160	 1.02359	 1.06158	 0.67288	 1.20427	 0.94411	 1.94653	 0.77543	 0.58993	 0.33602	10000000000.00000	10000000000.00000	10000000000.00000	10000000000.00000	 0.31806	 0.36535	 0.45355	 0.58688	 0.97455	 2.13751	 4.01166	17.49144	10200000000.00000	10200000000.00000	10200000000.00000	23.90035	 8.00776	 2.58433	 1.41893	 0.69920	 0.50541	 0.40004	 0.33582	 0.31999	 0.32716	 0.34016	 0.49308	 0.64495	 0.38812	 1.18190	 1.16466	 1.13814	 1.14634	 0.98142	 0.54718	 1.01269	 0.85907	 0.80982	 0.78897	 0.76592	 0.42595	 0.38510	 0.42786	 0.71869	 0.92094	 3.00033	 0.56592	 0.97284	 0.44384	 0.60399	 0.60287	 0.88845	 0.48301	 0.62154	 0.65684	 1.09350	 0.52262	 0.54703	 0.63871	 0.64091	 1.01408	 0.63641	 1.97763	 0.47101	 0.58705	 0.59303	 0.48390	10200000000.00000	 0.46421	 0.41690	 0.46967	 0.38141	 0.42986	 1.64115	 1.63835	 3.92174	 1.70562	 0.64526	 0.40741	 0.44601	 0.59033	 0.40030	 1.25772	 0.95626	 2.26134	 1.60431	 0.54538	 1.94333	 1.14407	 0.51674	 0.74621	41.26429	 0.48136	 0.80772	 0.82653	 1.12227	 0.79335	 0.35966	 4.59710	 4.42409	10200000000.00000	10200000000.00000	10200000000.00000	10200000000.00000	 4.34507	 4.29372	 0.42651	 0.57553	 0.40614	 0.65880	 0.46217	 0.66070	 1.06583	 0.72636	 1.87079	 0.48418	 1.68656	 1.70093	 1.07015	 1.18161	 1.07464	 0.46223	 0.92823	 0.94935	 2.64139	 2.46642	 0.72586	 0.46484	 0.62852	 0.64912	 1.55818	 0.62324	 1.58634	 0.69775	 0.52623	 0.71605	 0.89587	 0.54816	 0.69564	 1.27384	 0.50643	 1.01251	 0.49336	 1.24923	 0.99662	 1.97050	 0.47197	 0.45744	 0.39889	 0.38299	 0.44918	 0.48271	 1.45225	56.65358	10200000000.00000	10200000000.00000	10200000000.00000	10200000000.00000	10200000000.00000	10200000000.00000	10200000000.00000	10200000000.00000	10200000000.00000	10200000000.00000	10200000000.00000	10200000000.00000	10200000000.00000	10200000000.00000	10200000000.00000	10200000000.00000	10200000000.00000	10200000000.00000	 7.23968	 0.51380	 0.33307	 0.36807	 0.33962	 0.54253	 1.81544	 1.24036	 0.53208	 1.13642	 1.12012	 0.76860	 0.73883	 0.55252	 0.64490	 0.57844	10200000000.00000

Beta step 3:
	 0.56027	 0.67115	 0.78526	 1.11496	 0.49060	 0.81214	 0.86498	57.78665	 1.04128	 0.59032	 0.53130	 0.72929	 0.54041	 0.70624	 3.68322	 0.72522	 0.39981	 0.74117	 0.86428	 0.53286	 0.78888	 0.75183	 1.98399	 0.44757	 0.55968	 1.01315	 1.01711	10404000000.00000	 0.48695	 0.55562	 0.68778	 0.51300	 0.42627	 0.85398	10404000000.00000	10404000000.00000	10404000000.00000	 0.69380	 0.53509	 0.38360	 0.55271	 0.43222	 1.27320	 0.79267	 1.90334	 5.69716	 0.58010	 3.23407	 1.03763	 0.72071	 0.87717	 1.54638	 1.47374	 1.07862	 0.61706	 0.63004	 0.32440	 0.89946	 0.37332	 0.35819	 0.33873	 2.08135	10404000000.00000	 1.44787	 0.40960	 0.46501	 0.36266	 0.43116	 0.37966	 0.94852	 0.54437	 0.48519	 0.56275	 0.57465	 0.61446	 0.67480	 1.39496	 0.58278	 0.76362	 0.85203	 0.68254	 0.44022	 1.12537	 0.48684	 0.74731	 0.49142	 0.60492	 0.54396	 0.47621	 0.55351	 1.08732	 0.52944	 0.71082	 0.50009	 0.71462	 0.88775	 0.54086	 0.50943	 0.51172	 1.27663	 1.04406	 1.08281	 0.68634	 1.22835	 0.96299	 1.98546	 0.79094	 0.60173	 0.34274	10000000000.00000	10000000000.00000	10000000000.00000	10000000000.00000	 0.32442	 0.37266	 0.46262	 0.59862	 0.99404	 2.18026	 4.09189	17.84127	10404000000.00000	10404000000.00000	10404000000.00000	24.37835	 8.16792	 2.63601	 1.44731	 0.71319	 0.51552	 0.40804	 0.34254	 0.32639	 0.33371	 0.34696	 0.50295	 0.65785	 0.39588	 1.20554	 1.18795	 1.16091	 1.16927	 1.00105	 0.55812	 1.03295	 0.87625	 0.82602	 0.80475	 0.78124	 0.43447	 0.39280	 0.43641	 0.73307	 0.93936	 3.06034	 0.57724	 0.99229	 0.45271	 0.61607	 0.61493	 0.90622	 0.49267	 0.63397	 0.66997	 1.11537	 0.53308	 0.55797	 0.65148	 0.65373	 1.03436	 0.64914	 2.01718	 0.48043	 0.59879	 0.60490	 0.49358	10404000000.00000	 0.47350	 0.42524	 0.47907	 0.38904	 0.43846	 1.67397	 1.67111	 4.00017	 1.73974	 0.65817	 0.41555	 0.45493	 0.60214	 0.40831	 1.28288	 0.97539	 2.30657	 1.63639	 0.55629	 1.98220	 1.16695	 0.52708	 0.76113	42.08958	 0.49099	 0.82388	 0.84306	 1.14472	 0.80922	 0.36685	 4.68904	 4.51258	10404000000.00000	10404000000.00000	10404000000.00000	10404000000.00000	 4.43197	 4.37960	 0.43504	 0.58704	 0.41426	 0.67198	 0.47141	 0.67391	 1.08715	 0.74089	 1.90821	 0.49386	 1.72029	 1.73495	 1.09156	 1.20524	 1.09613	 0.47147	 0.94680	 0.96834	 2.69422	 2.51575	 0.74037	 0.47414	 0.64109	 0.66210	 1.58935	 0.63570	 1.61807	 0.71171	 0.53676	 0.73037	 0.91379	 0.55912	 0.70955	 1.29932	 0.51655	 1.03276	 0.50323	 1.27421	 1.01655	 2.00991	 0.48141	 0.46659	 0.40687	 0.39065	 0.45816	 0.49236	 1.48130	57.78665	10404000000.00000	10404000000.00000	10404000000.00000	10404000000.00000	10404000000.00000	10404000000.00000	10404000000.00000	10404000000.00000	10404000000.00000	10404000000.00000	10404000000.00000	10404000000.00000	10404000000.00000	10404000000.00000	10404000000.00000	10404000000.00000	10404000000.00000	10404000000.00000	 7.38447	 0.52408	 0.33973	 0.37543	 0.34641	 0.55339	 1.85175	 1.26517	 0.54272	 1.15914	 1.14253	 0.78397	 0.75360	 0.56357	 0.65780	 0.59001	10404000000.00000

Beta step 4:
	 0.57148	 0.68457	 0.80097	 1.13726	 0.50042	 0.82839	 0.88228	58.94238	 1.06211	 0.60213	 0.54193	 0.74388	 0.55122	 0.72036	 3.75689	 0.73973	 0.40781	 0.75599	 0.88157	 0.54352	 0.80466	 0.76687	 2.02367	 0.45652	 0.57087	 1.03341	 1.03745	10612080000.00000	 0.49669	 0.56674	 0.70153	 0.52326	 0.43480	 0.87106	10612080000.00000	10612080000.00000	10612080000.00000	 0.70767	 0.54579	 0.39128	 0.56377	 0.44086	 1.29866	 0.80853	 1.94140	 5.81110	 0.59170	 3.29875	 1.05838	 0.73512	 0.89471	 1.57731	 1.50321	 1.10019	 0.62941	 0.64264	 0.33089	 0.91745	 0.38079	 0.36535	 0.34551	 2.12298	10612080000.00000	 1.47682	 0.41779	 0.47431	 0.36991	 0.43978	 0.38725	 0.96749	 0.55525	 0.49489	 0.57400	 0.58615	 0.62674	 0.68830	 1.42286	 0.59443	 0.77889	 0.86907	 0.69619	 0.44902	 1.14787	 0.49657	 0.76226	 0.50125	 0.61702	 0.55484	 0.48574	 0.56458	 1.10907	 0.54003	 0.72504	 0.51009	 0.72891	 0.90551	 0.55167	 0.51962	 0.52196	 1.30216	 1.06494	 1.10447	 0.70006	 1.25292	 0.98225	 2.02517	 0.80675	 0.61377	 0.34960	10000000000.00000	10000000000.00000	10000000000.00000	10000000000.00000	 0.33091	 0.38011	 0.47188	 0.61059	 1.01392	 2.22387	 4.17373	18.19809	10612080000.00000	10612080000.00000	10612080000.00000	24.86592	 8.33127	 2.68874	 1.47626	 0.72745	 0.52583	 0.41620	 0.34939	 0.33292	 0.34038	 0.35390	 0.51301	 0.67100	 0.40380	 1.22965	 1.21171	 1.18412	 1.19265	 1.02107	 0.56929	 1.05361	 0.89378	 0.84254	 0.82085	 0.79687	 0.44315	 0.40065	 0.44514	 0.74773	 0.95815	 3.12154	 0.58879	 1.01214	 0.46177	 0.62839	 0.62723	 0.92434	 0.50253	 0.64665	 0.68337	 1.13767	 0.54374	 0.56913	 0.66451	 0.66681	 1.05505	 0.66212	 2.05752	 0.49004	 0.61077	 0.61699	 0.50345	10612080000.00000	 0.48297	 0.43375	 0.48865	 0.39682	 0.44723	 1.70745	 1.70454	 4.08018	 1.77453	 0.67133	 0.42386	 0.46402	 0.61418	 0.41647	 1.30854	 0.99489	 2.35270	 1.66912	 0.56741	 2.02185	 1.19029	 0.53762	 0.77635	42.93137	 0.50080	 0.84036	 0.85992	 1.16761	 0.82540	 0.37419	 4.78282	 4.60283	10612080000.00000	10612080000.00000	10612080000.00000	10612080000.00000	 4.52061	 4.46719	 0.44374	 0.59878	 0.42255	 0.68541	 0.48084	 0.68739	 1.10889	 0.75571	 1.94637	 0.50374	 1.75470	 1.76964	 1.11339	 1.22935	 1.11806	 0.48090	 0.96573	 0.98771	 2.74810	 2.56606	 0.75518	 0.48362	 0.65391	 0.67534	 1.62114	 0.64841	 1.65043	 0.72594	 0.54749	 0.74498	 0.93207	 0.57030	 0.72374	 1.32530	 0.52689	 1.05341	 0.51329	 1.29970	 1.03688	 2.05011	 0.49104	 0.47592	 0.41500	 0.39846	 0.46733	 0.50221	 1.51093	58.94238	10612080000.00000	10612080000.00000	10612080000.00000	10612080000.00000	10612080000.00000	10612080000.00000	10612080000.00000	10612080000.00000	10612080000.00000	10612080000.00000	10612080000.00000	10612080000.00000	10612080000.00000	10612080000.00000	10612080000.00000	10612080000.00000	10612080000.00000	10612080000.00000	 7.53216	 0.53456	 0.34653	 0.38294	 0.35334	 0.56445	 1.88878	 1.29047	 0.55358	 1.18233	 1.16538	 0.79965	 0.76867	 0.57484	 0.67096	 0.60181	10612080000.00000

Beta step 5:
	 0.58291	 0.69826	 0.81699	 1.16001	 0.51042	 0.84495	 0.89992	60.12123	 1.08335	 0.61417	 0.55276	 0.75875	 0.56224	 0.73477	 3.83202	 0.75452	 0.41596	 0.77111	 0.89920	 0.55439	 0.82075	 0.78220	 2.06414	 0.46566	 0.58229	 1.05408	 1.05820	10824321600.00000	 0.50663	 0.57807	 0.71556	 0.53372	 0.44349	 0.88848	10824321600.00000	10824321600.00000	10824321600.00000	 0.72183	 0.55671	 0.39910	 0.57504	 0.44968	 1.32464	 0.82470	 1.98023	 5.92732	 0.60353	 3.36472	 1.07955	 0.74982	 0.91260	 1.60886	 1.53328	 1.12219	 0.64199	 0.65549	 0.33751	 0.93580	 0.38841	 0.37266	 0.35242	 2.16544	10824321600.00000	 1.50636	 0.42615	 0.48380	 0.37731	 0.44858	 0.39500	 0.98684	 0.56636	 0.50479	 0.58548	 0.59787	 0.63928	 0.70207	 1.45132	 0.60632	 0.79447	 0.88645	 0.71011	 0.45800	 1.17083	 0.50650	 0.77750	 0.51127	 0.62936	 0.56593	 0.49545	 0.57588	 1.13125	 0.55083	 0.73954	 0.52029	 0.74349	 0.92362	 0.56271	 0.53001	 0.53240	 1.32821	 1.08624	 1.12656	 0.71406	 1.27798	 1.00190	 2.06567	 0.82289	 0.62604	 0.35659	10000000000.00000	10000000000.00000	10000000000.00000	10000000000.00000	 0.33752	 0.38772	 0.48131	 0.62280	 1.03420	 2.26834	 4.25720	18.56205	10824321600.00000	10824321600.00000	10824321600.00000	25.36324	 8.49790	 2.74251	 1.50578	 0.74200	 0.53634	 0.42452	 0.35638	 0.33958	 0.34719	 0.36098	 0.52327	 0.68443	 0.41187	 1.25424	 1.23594	 1.20781	 1.21651	 1.04149	 0.58067	 1.07468	 0.91165	 0.85939	 0.83726	 0.81280	 0.45202	 0.40867	 0.45405	 0.76268	 0.97731	 3.18397	 0.60056	 1.03238	 0.47100	 0.64096	 0.63977	 0.94283	 0.51258	 0.65958	 0.69704	 1.16043	 0.55461	 0.58052	 0.67780	 0.68014	 1.07615	 0.67537	 2.09867	 0.49984	 0.62298	 0.62933	 0.51352	10824321600.00000	 0.49263	 0.44242	 0.49842	 0.40475	 0.45618	 1.74160	 1.73863	 4.16178	 1.81002	 0.68476	 0.43234	 0.47330	 0.62646	 0.42480	 1.33471	 1.01479	 2.39976	 1.70250	 0.57876	 2.06228	 1.21410	 0.54837	 0.79188	43.79000	 0.51082	 0.85716	 0.87712	 1.19097	 0.84191	 0.38167	 4.87848	 4.69488	10824321600.00000	10824321600.00000	10824321600.00000	10824321600.00000	 4.61102	 4.55653	 0.45262	 0.61076	 0.43100	 0.69912	 0.49046	 0.70114	 1.13107	 0.77082	 1.98530	 0.51381	 1.78979	 1.80504	 1.13566	 1.25393	 1.14042	 0.49052	 0.98505	 1.00746	 2.80306	 2.61739	 0.77028	 0.49329	 0.66699	 0.68885	 1.65356	 0.66138	 1.68344	 0.74046	 0.55844	 0.75988	 0.95071	 0.58171	 0.73822	 1.35181	 0.53742	 1.07448	 0.52356	 1.32569	 1.05762	 2.09111	 0.50086	 0.48544	 0.42330	 0.40643	 0.47667	 0.51225	 1.54114	60.12123	10824321600.00000	10824321600.00000	10824321600.00000	10824321600.00000	10824321600.00000	10824321600.00000	10824321600.00000	10824321600.00000	10824321600.00000	10824321600.00000	10824321600.00000	10824321600.00000	10824321600.00000	10824321600.00000	10824321600.00000	10824321600.00000	10824321600.00000	10824321600.00000	 7.68280	 0.54525	 0.35346	 0.39060	 0.36040	 0.57574	 1.92656	 1.31628	 0.56465	 1.20597	 1.18868	 0.81564	 0.78405	 0.58634	 0.68438	 0.61384	10824321600.00000

Beta step 6:
	 0.59457	 0.71223	 0.83333	 1.18321	 0.52063	 0.86185	 0.91792	61.32366	 1.10501	 0.62646	 0.56382	 0.77393	 0.57348	 0.74947	 3.90866	 0.76961	 0.42428	 0.78653	 0.91718	 0.56548	 0.83716	 0.79785	 2.10542	 0.47497	 0.59393	 1.07516	 1.07936	11040808032.00000	 0.51676	 0.58963	 0.72987	 0.54439	 0.45236	 0.90625	11040808032.00000	11040808032.00000	11040808032.00000	 0.73626	 0.56784	 0.40708	 0.58654	 0.45868	 1.35113	 0.84119	 2.01984	 6.04587	 0.61560	 3.43202	 1.10114	 0.76482	 0.93086	 1.64103	 1.56394	 1.14464	 0.65483	 0.66860	 0.34426	 0.95451	 0.39617	 0.38011	 0.35947	 2.20874	11040808032.00000	 1.53649	 0.43467	 0.49347	 0.38485	 0.45755	 0.40290	 1.00657	 0.57769	 0.51489	 0.59719	 0.60983	 0.65206	 0.71611	 1.48035	 0.61845	 0.81036	 0.90418	 0.72431	 0.46716	 1.19425	 0.51663	 0.79305	 0.52150	 0.64195	 0.57725	 0.50536	 0.58739	 1.15388	 0.56185	 0.75433	 0.53070	 0.75836	 0.94209	 0.57396	 0.54061	 0.54305	 1.35477	 1.10797	 1.14909	 0.72835	 1.30354	 1.02194	 2.10699	 0.83935	 0.63856	 0.36372	10000000000.00000	10000000000.00000	10000000000.00000	10000000000.00000	 0.34427	 0.39547	 0.49094	 0.63526	 1.05489	 2.31371	 4.34235	18.93330	11040808032.00000	11040808032.00000	11040808032.00000	25.87050	 8.66786	 2.79736	 1.53590	 0.75684	 0.54707	 0.43302	 0.36350	 0.34637	 0.35413	 0.36819	 0.53373	 0.69811	 0.42011	 1.27933	 1.26066	 1.23196	 1.24084	 1.06232	 0.59229	 1.09617	 0.92989	 0.87658	 0.85401	 0.82906	 0.46106	 0.41684	 0.46313	 0.77794	 0.99686	 3.24765	 0.61258	 1.05303	 0.48042	 0.65378	 0.65257	 0.96169	 0.52283	 0.67277	 0.71098	 1.18364	 0.56570	 0.59213	 0.69136	 0.69375	 1.09768	 0.68887	 2.14065	 0.50984	 0.63544	 0.64192	 0.52379	11040808032.00000	 0.50248	 0.45127	 0.50839	 0.41285	 0.46530	 1.77643	 1.77340	 4.24502	 1.84622	 0.69845	 0.44099	 0.48277	 0.63899	 0.43330	 1.36140	 1.03509	 2.44775	 1.73655	 0.59034	 2.10353	 1.23838	 0.55934	 0.80772	44.66580	 0.52104	 0.87431	 0.89466	 1.21478	 0.85875	 0.38931	 4.97605	 4.78878	11040808032.00000	11040808032.00000	11040808032.00000	11040808032.00000	 4.70324	 4.64766	 0.46167	 0.62297	 0.43962	 0.71311	 0.50027	 0.71516	 1.15369	 0.78624	 2.02500	 0.52409	 1.82559	 1.84114	 1.15837	 1.27901	 1.16323	 0.50033	 1.00475	 1.02761	 2.85912	 2.66973	 0.78569	 0.50316	 0.68033	 0.70263	 1.68663	 0.67461	 1.71710	 0.75527	 0.56961	 0.77507	 0.96972	 0.59334	 0.75298	 1.37885	 0.54817	 1.09597	 0.53403	 1.35220	 1.07877	 2.13293	 0.51088	 0.49515	 0.43177	 0.41456	 0.48621	 0.52250	 1.57197	61.32366	11040808032.00000	11040808032.00000	11040808032.00000	11040808032.00000	11040808032.00000	11040808032.00000	11040808032.00000	11040808032.00000	11040808032.00000	11040808032.00000	11040808032.00000	11040808032.00000	11040808032.00000	11040808032.00000	11040808032.00000	11040808032.00000	11040808032.00000	11040808032.00000	 7.83646	 0.55616	 0.36053	 0.39841	 0.36761	 0.58726	 1.96509	 1.34261	 0.57594	 1.23009	 1.21246	 0.83196	 0.79973	 0.59806	 0.69806	 0.62612	11040808032.00000

Beta step 7:
	 0.60646	 0.72647	 0.85000	 1.20687	 0.53105	 0.87909	 0.93628	62.55013	 1.12711	 0.63899	 0.57510	 0.78941	 0.58495	 0.76446	 3.98684	 0.78501	 0.43277	 0.80226	 0.93552	 0.57679	 0.85391	 0.81381	 2.14753	 0.48447	 0.60581	 1.09667	 1.10095	11261624192.64000	 0.52710	 0.60142	 0.74447	 0.55528	 0.46141	 0.92437	11261624192.64000	11261624192.64000	11261624192.64000	 0.75099	 0.57920	 0.41522	 0.59828	 0.46785	 1.37815	 0.85801	 2.06023	 6.16679	 0.62792	 3.50066	 1.12316	 0.78012	 0.94947	 1.67385	 1.59522	 1.16753	 0.66793	 0.68197	 0.35114	 0.97360	 0.40410	 0.38771	 0.36666	 2.25292	11261624192.64000	 1.56722	 0.44337	 0.50334	 0.39255	 0.46670	 0.41096	 1.02671	 0.58924	 0.52518	 0.60913	 0.62202	 0.66511	 0.73043	 1.50995	 0.63082	 0.82657	 0.92226	 0.73880	 0.47651	 1.21813	 0.52697	 0.80891	 0.53193	 0.65479	 0.58880	 0.51547	 0.59914	 1.17695	 0.57309	 0.76942	 0.54131	 0.77353	 0.96093	 0.58544	 0.55142	 0.55391	 1.38187	 1.13013	 1.17207	 0.74291	 1.32961	 1.04237	 2.14913	 0.85613	 0.65134	 0.37100	10000000000.00000	10000000000.00000	10000000000.00000	10000000000.00000	 0.35116	 0.40338	 0.50076	 0.64796	 1.07598	 2.35998	 4.42920	19.31196	11261624192.64000	11261624192.64000	11261624192.64000	26.38791	 8.84121	 2.85331	 1.56662	 0.77198	 0.55801	 0.44168	 0.37077	 0.35329	 0.36121	 0.37556	 0.54441	 0.71208	 0.42851	 1.30491	 1.28588	 1.25660	 1.26565	 1.08357	 0.60413	 1.11810	 0.94848	 0.89411	 0.87109	 0.84564	 0.47028	 0.42518	 0.47239	 0.79350	 1.01680	 3.31261	 0.62483	 1.07409	 0.49003	 0.66685	 0.66562	 0.98092	 0.53328	 0.68623	 0.72520	 1.20731	 0.57702	 0.60397	 0.70518	 0.70762	 1.11963	 0.70265	 2.18346	 0.52003	 0.64815	 0.65476	 0.53426	11261624192.64000	 0.51253	 0.46029	 0.51856	 0.42110	 0.47460	 1.81196	 1.80887	 4.32992	 1.88315	 0.71242	 0.44981	 0.49243	 0.65177	 0.44196	 1.38863	 1.05579	 2.49671	 1.77129	 0.60214	 2.14560	 1.26315	 0.57052	 0.82387	45.55912	 0.53146	 0.89179	 0.91256	 1.23908	 0.87592	 0.39709	 5.07557	 4.88456	11261624192.64000	11261624192.64000	11261624192.64000	11261624192.64000	 4.79730	 4.74062	 0.47090	 0.63543	 0.44841	 0.72737	 0.51027	 0.72947	 1.17677	 0.80196	 2.06550	 0.53457	 1.86210	 1.87796	 1.18154	 1.30459	 1.18649	 0.51034	 1.02484	 1.04816	 2.91631	 2.72313	 0.80140	 0.51322	 0.69394	 0.71668	 1.72036	 0.68810	 1.75145	 0.77037	 0.58101	 0.79058	 0.98912	 0.60521	 0.76804	 1.40642	 0.55913	 1.11789	 0.54471	 1.37925	 1.10035	 2.17559	 0.52110	 0.50505	 0.44041	 0.42285	 0.49593	 0.53295	 1.60341	62.55013	11261624192.64000	11261624192.64000	11261624192.64000	11261624192.64000	11261624192.64000	11261624192.64000	11261624192.64000	11261624192.64000	11261624192.64000	11261624192.64000	11261624192.64000	11261624192.64000	11261624192.64000	11261624192.64000	11261624192.64000	11261624192.64000	11261624192.64000	11261624192.64000	 7.99319	 0.56728	 0.36774	 0.40638	 0.37496	 0.59900	 2.00439	 1.36946	 0.58746	 1.25469	 1.23671	 0.84860	 0.81572	 0.61002	 0.71203	 0.63864	11261624192.64000

Beta step 8:
	 0.61859	 0.74100	 0.86700	 1.23101	 0.54167	 0.89667	 0.95501	63.80113	 1.14966	 0.65177	 0.58660	 0.80520	 0.59665	 0.77975	 4.06658	 0.80071	 0.44142	 0.81831	 0.95423	 0.58832	 0.87099	 0.83008	 2.19048	 0.49416	 0.61793	 1.11860	 1.12297	11486856676.49280	 0.53764	 0.61345	 0.75936	 0.56639	 0.47064	 0.94286	11486856676.49280	11486856676.49280	11486856676.49280	 0.76601	 0.59078	 0.42353	 0.61024	 0.47721	 1.40572	 0.87517	 2.10144	 6.29012	 0.64047	 3.57067	 1.14562	 0.79572	 0.96846	 1.70733	 1.62712	 1.19088	 0.68129	 0.69561	 0.35817	 0.99307	 0.41218	 0.39547	 0.37399	 2.29798	11486856676.49280	 1.59856	 0.45223	 0.51341	 0.40040	 0.47604	 0.41917	 1.04724	 0.60102	 0.53569	 0.62132	 0.63446	 0.67841	 0.74504	 1.54015	 0.64344	 0.84310	 0.94070	 0.75358	 0.48604	 1.24249	 0.53751	 0.82509	 0.54256	 0.66788	 0.60057	 0.52578	 0.61112	 1.20049	 0.58455	 0.78481	 0.55214	 0.78900	 0.98015	 0.59715	 0.56245	 0.56499	 1.40950	 1.15273	 1.19551	 0.75777	 1.35620	 1.06322	 2.19211	 0.87326	 0.66436	 0.37842	10000000000.00000	10000000000.00000	10000000000.00000	10000000000.00000	 0.35818	 0.41145	 0.51077	 0.66092	 1.09750	 2.40718	 4.51778	19.69820	11486856676.49280	11486856676.49280	11486856676.49280	26.91567	 9.01804	 2.91037	 1.59795	 0.78742	 0.56917	 0.45051	 0.37819	 0.36036	 0.36844	 0.38307	 0.55529	 0.72632	 0.43708	 1.33101	 1.31159	 1.28173	 1.29097	 1.10524	 0.61621	 1.14046	 0.96745	 0.91199	 0.88851	 0.86255	 0.47968	 0.43368	 0.48184	 0.80937	 1.03713	 3.37886	 0.63732	 1.09557	 0.49983	 0.68019	 0.67893	 1.00054	 0.54395	 0.69995	 0.73970	 1.23146	 0.58856	 0.61605	 0.71929	 0.72177	 1.14202	 0.71670	 2.22713	 0.53043	 0.66111	 0.66785	 0.54495	11486856676.49280	 0.52278	 0.46950	 0.52893	 0.42953	 0.48410	 1.84820	 1.84504	 4.41652	 1.92081	 0.72667	 0.45881	 0.50227	 0.66481	 0.45080	 1.41640	 1.07690	 2.54664	 1.80671	 0.61418	 2.18851	 1.28841	 0.58194	 0.84035	46.47030	 0.54209	 0.90963	 0.93081	 1.26386	 0.89344	 0.40503	 5.17708	 4.98225	11486856676.49280	11486856676.49280	11486856676.49280	11486856676.49280	 4.89325	 4.83543	 0.48032	 0.64814	 0.45738	 0.74191	 0.52048	 0.74406	 1.20030	 0.81800	 2.10681	 0.54526	 1.89934	 1.91552	 1.20517	 1.33068	 1.21022	 0.52055	 1.04534	 1.06913	 2.97463	 2.77759	 0.81743	 0.52348	 0.70782	 0.73101	 1.75477	 0.70186	 1.78648	 0.78578	 0.59263	 0.80639	 1.00890	 0.61731	 0.78340	 1.43455	 0.57032	 1.14025	 0.55561	 1.40683	 1.12235	 2.21910	 0.53152	 0.51515	 0.44921	 0.43131	 0.50585	 0.54361	 1.63547	63.80113	11486856676.49280	11486856676.49280	11486856676.49280	11486856676.49280	11486856676.49280	11486856676.49280	11486856676.49280	11486856676.49280	11486856676.49280	11486856676.49280	11486856676.49280	11486856676.49280	11486856676.49280	11486856676.49280	11486856676.49280	11486856676.49280	11486856676.49280	11486856676.49280	 8.15305	 0.57862	 0.37509	 0.41451	 0.38246	 0.61098	 2.04448	 1.39685	 0.59921	 1.27979	 1.26144	 0.86557	 0.83204	 0.62222	 0.72627	 0.65141	11486856676.49280

Beta step 9:
	 0.63096	 0.75582	 0.88434	 1.25563	 0.55250	 0.91461	 0.97411	65.07716	 1.17265	 0.66480	 0.59833	 0.82130	 0.60859	 0.79534	 4.14791	 0.81672	 0.45025	 0.83468	 0.97332	 0.60009	 0.88840	 0.84668	 2.23429	 0.50404	 0.63029	 1.14097	 1.14543	11716593810.02266	 0.54839	 0.62572	 0.77455	 0.57772	 0.48005	 0.96172	11716593810.02266	11716593810.02266	11716593810.02266	 0.78133	 0.60260	 0.43200	 0.62245	 0.48675	 1.43383	 0.89268	 2.14347	 6.41592	 0.65328	 3.64208	 1.16854	 0.81163	 0.98783	 1.74148	 1.65967	 1.21470	 0.69491	 0.70952	 0.36533	 1.01293	 0.42042	 0.40338	 0.38147	 2.34394	11716593810.02266	 1.63053	 0.46128	 0.52368	 0.40841	 0.48556	 0.42756	 1.06818	 0.61304	 0.54640	 0.63374	 0.64715	 0.69198	 0.75994	 1.57095	 0.65630	 0.85996	 0.95952	 0.76865	 0.49576	 1.26734	 0.54826	 0.84159	 0.55342	 0.68124	 0.61258	 0.53629	 0.62335	 1.22450	 0.59624	 0.80050	 0.56318	 0.80478	 0.99976	 0.60909	 0.57370	 0.57629	 1.43769	 1.17579	 1.21943	 0.77293	 1.38333	 1.08449	 2.23595	 0.89072	 0.67765	 0.38598	10000000000.00000	10000000000.00000	10000000000.00000	10000000000.00000	 0.36535	 0.41968	 0.52099	 0.67414	 1.11945	 2.45533	 4.60814	20.09216	11716593810.02266	11716593810.02266	11716593810.02266	27.45398	 9.19840	 2.96858	 1.62991	 0.80316	 0.58055	 0.45952	 0.38575	 0.36757	 0.37581	 0.39073	 0.56640	 0.74084	 0.44582	 1.35763	 1.33782	 1.30737	 1.31679	 1.12734	 0.62854	 1.16327	 0.98680	 0.93023	 0.90628	 0.87981	 0.48928	 0.44235	 0.49147	 0.82555	 1.05787	 3.44643	 0.65007	 1.11748	 0.50983	 0.69379	 0.69251	 1.02055	 0.55483	 0.71395	 0.75450	 1.25608	 0.60033	 0.62837	 0.73367	 0.73621	 1.16486	 0.73104	 2.27167	 0.54104	 0.67434	 0.68121	 0.55585	11716593810.02266	 0.53324	 0.47889	 0.53951	 0.43812	 0.49378	 1.88517	 1.88195	 4.50485	 1.95923	 0.74120	 0.46798	 0.51232	 0.67810	 0.45982	 1.44473	 1.09844	 2.59757	 1.84285	 0.62647	 2.23228	 1.31418	 0.59357	 0.85716	47.39970	 0.55293	 0.92782	 0.94942	 1.28914	 0.91131	 0.41314	 5.28062	 5.08189	11716593810.02266	11716593810.02266	11716593810.02266	11716593810.02266	 4.99111	 4.93214	 0.48993	 0.66111	 0.46653	 0.75675	 0.53089	 0.75894	 1.22431	 0.83436	 2.14895	 0.55617	 1.93733	 1.95383	 1.22927	 1.35730	 1.23442	 0.53096	 1.06625	 1.09051	 3.03413	 2.83314	 0.83378	 0.53395	 0.72197	 0.74563	 1.78986	 0.71590	 1.82221	 0.80150	 0.60448	 0.82252	 1.02908	 0.62966	 0.79907	 1.46324	 0.58172	 1.16305	 0.56672	 1.43497	 1.14480	 2.26349	 0.54215	 0.52546	 0.45820	 0.43993	 0.51596	 0.55448	 1.66818	65.07716	11716593810.02266	11716593810.02266	11716593810.02266	11716593810.02266	11716593810.02266	11716593810.02266	11716593810.02266	11716593810.02266	11716593810.02266	11716593810.02266	11716593810.02266	11716593810.02266	11716593810.02266	11716593810.02266	11716593810.02266	11716593810.02266	11716593810.02266	11716593810.02266	 8.31611	 0.59020	 0.38259	 0.42280	 0.39011	 0.62320	 2.08537	 1.42479	 0.61119	 1.30538	 1.28667	 0.88288	 0.84868	 0.63467	 0.74079	 0.66444	11716593810.02266

Beta step 10:
	 0.64358	 0.77094	 0.90202	 1.28074	 0.56355	 0.93290	 0.99359	66.37870	 1.19610	 0.67810	 0.61030	 0.83773	 0.62076	 0.81125	 4.23086	 0.83305	 0.45926	 0.85137	 0.99279	 0.61209	 0.90617	 0.86362	 2.27898	 0.51412	 0.64289	 1.16379	 1.16834	11950925686.22311	 0.55936	 0.63824	 0.79004	 0.58927	 0.48965	 0.98095	11950925686.22311	11950925686.22311	11950925686.22311	 0.79696	 0.61465	 0.44064	 0.63489	 0.49649	 1.46251	 0.91053	 2.18634	 6.54424	 0.66635	 3.71493	 1.19191	 0.82787	 1.00759	 1.77631	 1.69286	 1.23899	 0.70881	 0.72371	 0.37264	 1.03319	 0.42883	 0.41144	 0.38910	 2.39082	11950925686.22311	 1.66314	 0.47050	 0.53415	 0.41658	 0.49527	 0.43611	 1.08955	 0.62531	 0.55733	 0.64642	 0.66010	 0.70582	 0.77514	 1.60237	 0.66943	 0.87716	 0.97871	 0.78402	 0.50567	 1.29269	 0.55922	 0.85842	 0.56448	 0.69487	 0.62484	 0.54702	 0.63581	 1.24899	 0.60817	 0.81651	 0.57444	 0.82088	 1.01975	 0.62128	 0.58517	 0.58781	 1.46645	 1.19930	 1.24381	 0.78838	 1.41099	 1.10618	 2.28067	 0.90854	 0.69120	 0.39370	10000000000.00000	10000000000.00000	10000000000.00000	10000000000.00000	 0.37265	 0.42807	 0.53141	 0.68762	 1.14184	 2.50443	 4.70030	20.49401	11950925686.22311	11950925686.22311	11950925686.22311	28.00306	 9.38237	 3.02795	 1.66251	 0.81923	 0.59216	 0.46871	 0.39347	 0.37492	 0.38332	 0.39855	 0.57773	 0.75566	 0.45474	 1.38478	 1.36458	 1.33352	 1.34312	 1.14989	 0.64111	 1.18653	 1.00654	 0.94884	 0.92441	 0.89740	 0.49906	 0.45120	 0.50130	 0.84206	 1.07903	 3.51536	 0.66307	 1.13983	 0.52002	 0.70767	 0.70636	 1.04096	 0.56593	 0.72823	 0.76959	 1.28121	 0.61234	 0.64094	 0.74835	 0.75093	 1.18816	 0.74566	 2.31710	 0.55186	 0.68782	 0.69483	 0.56696	11950925686.22311	 0.54390	 0.48847	 0.55030	 0.44688	 0.50365	 1.92287	 1.91958	 4.59494	 1.99841	 0.75603	 0.47734	 0.52257	 0.69166	 0.46901	 1.47362	 1.12041	 2.64952	 1.87970	 0.63900	 2.27693	 1.34046	 0.60545	 0.87430	48.34770	 0.56399	 0.94638	 0.96841	 1.31492	 0.92954	 0.42140	 5.38623	 5.18353	11950925686.22311	11950925686.22311	11950925686.22311	11950925686.22311	 5.09094	 5.03078	 0.49973	 0.67433	 0.47586	 0.77189	 0.54150	 0.77412	 1.24879	 0.85105	 2.19193	 0.56729	 1.97608	 1.99291	 1.25386	 1.38444	 1.25911	 0.54158	 1.08757	 1.11232	 3.09481	 2.88981	 0.85046	 0.54463	 0.73641	 0.76055	 1.82566	 0.73022	 1.85865	 0.81753	 0.61657	 0.83897	 1.04966	 0.64225	 0.81505	 1.49251	 0.59336	 1.18631	 0.57805	 1.46367	 1.16770	 2.30876	 0.55299	 0.53597	 0.46736	 0.44873	 0.52628	 0.56557	 1.70155	66.37870	11950925686.22311	11950925686.22311	11950925686.22311	11950925686.22311	11950925686.22311	11950925686.22311	11950925686.22311	11950925686.22311	11950925686.22311	11950925686.22311	11950925686.22311	11950925686.22311	11950925686.22311	11950925686.22311	11950925686.22311	11950925686.22311	11950925686.22311	11950925686.22311	 8.48243	 0.60200	 0.39024	 0.43125	 0.39791	 0.63567	 2.12708	 1.45328	 0.62342	 1.33149	 1.31240	 0.90054	 0.86565	 0.64736	 0.75561	 0.67773	11950925686.22311

Beta step 11:
	 0.65645	 0.78636	 0.92006	 1.30635	 0.57482	 0.95156	 1.01346	67.70627	 1.22003	 0.69166	 0.62250	 0.85448	 0.63317	 0.82747	 4.31548	 0.84972	 0.46844	 0.86840	 1.01264	 0.62433	 0.92430	 0.88089	 2.32456	 0.52440	 0.65575	 1.18707	 1.19171	12189944199.94757	 0.57054	 0.65100	 0.80584	 0.60106	 0.49944	 1.00057	12189944199.94757	12189944199.94757	12189944199.94757	 0.81290	 0.62694	 0.44945	 0.64759	 0.50641	 1.49176	 0.92874	 2.23006	 6.67513	 0.67968	 3.78922	 1.21575	 0.84442	 1.02774	 1.81183	 1.72672	 1.26377	 0.72299	 0.73819	 0.38009	 1.05386	 0.43741	 0.41967	 0.39688	 2.43863	12189944199.94757	 1.69640	 0.47991	 0.54483	 0.42491	 0.50517	 0.44483	 1.11134	 0.63781	 0.56848	 0.65935	 0.67330	 0.71993	 0.79064	 1.63442	 0.68282	 0.89470	 0.99828	 0.79970	 0.51579	 1.31855	 0.57041	 0.87559	 0.57577	 0.70876	 0.63733	 0.55796	 0.64853	 1.27397	 0.62033	 0.83284	 0.58593	 0.83729	 1.04015	 0.63370	 0.59688	 0.59957	 1.49578	 1.22329	 1.26869	 0.80415	 1.43921	 1.12830	 2.32628	 0.92671	 0.70503	 0.40158	10000000000.00000	10000000000.00000	10000000000.00000	10000000000.00000	 0.38011	 0.43663	 0.54204	 0.70137	 1.16468	 2.55452	 4.79430	20.90389	12189944199.94757	12189944199.94757	12189944199.94757	28.56313	 9.57001	 3.08851	 1.69576	 0.83561	 0.60401	 0.47808	 0.40134	 0.38242	 0.39099	 0.40652	 0.58928	 0.77077	 0.46384	 1.41248	 1.39187	 1.36019	 1.36998	 1.17289	 0.65393	 1.21026	 1.02667	 0.96781	 0.94290	 0.91535	 0.50905	 0.46023	 0.51133	 0.85891	 1.10061	 3.58567	 0.67633	 1.16263	 0.53042	 0.72182	 0.72048	 1.06178	 0.57724	 0.74280	 0.78498	 1.30683	 0.62458	 0.65376	 0.76331	 0.76595	 1.21192	 0.76057	 2.36345	 0.56290	 0.70158	 0.70873	 0.57830	12189944199.94757	 0.55478	 0.49824	 0.56130	 0.45582	 0.51373	 1.96133	 1.95798	 4.68684	 2.03838	 0.77115	 0.48689	 0.53302	 0.70550	 0.47840	 1.50310	 1.14282	 2.70252	 1.91730	 0.65178	 2.32247	 1.36727	 0.61755	 0.89178	49.31465	 0.57527	 0.96531	 0.98778	 1.34122	 0.94813	 0.42983	 5.49396	 5.28720	12189944199.94757	12189944199.94757	12189944199.94757	12189944199.94757	 5.19276	 5.13140	 0.50972	 0.68781	 0.48537	 0.78733	 0.55233	 0.78960	 1.27377	 0.86807	 2.23577	 0.57864	 2.01560	 2.03277	 1.27893	 1.41213	 1.28430	 0.55241	 1.10932	 1.13457	 3.15670	 2.94760	 0.86746	 0.55553	 0.75114	 0.77576	 1.86217	 0.74482	 1.89582	 0.83388	 0.62890	 0.85575	 1.07065	 0.65510	 0.83135	 1.52236	 0.60523	 1.21004	 0.58961	 1.49294	 1.19105	 2.35493	 0.56405	 0.54669	 0.47671	 0.45770	 0.53681	 0.57688	 1.73558	67.70627	12189944199.94757	12189944199.94757	12189944199.94757	12189944199.94757	12189944199.94757	12189944199.94757	12189944199.94757	12189944199.94757	12189944199.94757	12189944199.94757	12189944199.94757	12189944199.94757	12189944199.94757	12189944199.94757	12189944199.94757	12189944199.94757	12189944199.94757	12189944199.94757	 8.65208	 0.61404	 0.39805	 0.43988	 0.40587	 0.64838	 2.16962	 1.48235	 0.63589	 1.35812	 1.33865	 0.91855	 0.88297	 0.66031	 0.77072	 0.69129	12189944199.94757

Beta step 12:
	 0.66958	 0.80208	 0.93846	 1.33248	 0.58632	 0.97059	 1.03373	69.06040	 1.24443	 0.70549	 0.63495	 0.87157	 0.64584	 0.84402	 4.40179	 0.86671	 0.47781	 0.88576	 1.03289	 0.63682	 0.94278	 0.89851	 2.37105	 0.53489	 0.66886	 1.21081	 1.21554	12433743083.94652	 0.58196	 0.66402	 0.82196	 0.61308	 0.50943	 1.02058	12433743083.94652	12433743083.94652	12433743083.94652	 0.82915	 0.63948	 0.45844	 0.66054	 0.51654	 1.52159	 0.94732	 2.27467	 6.80863	 0.69327	 3.86501	 1.24006	 0.86131	 1.04830	 1.84807	 1.76125	 1.28904	 0.73745	 0.75295	 0.38769	 1.07493	 0.44616	 0.42807	 0.40482	 2.48740	12433743083.94652	 1.73033	 0.48951	 0.55573	 0.43341	 0.51528	 0.45373	 1.13357	 0.65057	 0.57985	 0.67253	 0.68676	 0.73433	 0.80645	 1.66711	 0.69648	 0.91260	 1.01825	 0.81569	 0.52610	 1.34492	 0.58181	 0.89311	 0.58729	 0.72294	 0.65008	 0.56912	 0.66150	 1.29945	 0.63274	 0.84950	 0.59765	 0.85404	 1.06095	 0.64637	 0.60882	 0.61156	 1.52569	 1.24775	 1.29406	 0.82024	 1.46800	 1.15087	 2.37281	 0.94524	 0.71913	 0.40961	10000000000.00000	10000000000.00000	10000000000.00000	10000000000.00000	 0.38771	 0.44536	 0.55288	 0.71540	 1.18797	 2.60561	 4.89019	21.32197	12433743083.94652	12433743083.94652	12433743083.94652	29.13439	 9.76142	 3.15028	 1.72967	 0.85232	 0.61609	 0.48765	 0.40936	 0.39007	 0.39881	 0.41465	 0.60107	 0.78619	 0.47311	 1.44073	 1.41971	 1.38739	 1.39738	 1.19635	 0.66701	 1.23447	 1.04720	 0.98717	 0.96175	 0.93366	 0.51923	 0.46943	 0.52155	 0.87608	 1.12262	 3.65738	 0.68986	 1.18588	 0.54103	 0.73626	 0.73489	 1.08302	 0.58879	 0.75765	 0.80068	 1.33297	 0.63707	 0.66683	 0.77858	 0.78127	 1.23616	 0.77578	 2.41071	 0.57416	 0.71561	 0.72291	 0.58987	12433743083.94652	 0.56587	 0.50820	 0.57253	 0.46493	 0.52400	 2.00055	 1.99714	 4.78058	 2.07915	 0.78657	 0.49663	 0.54368	 0.71961	 0.48796	 1.53316	 1.16568	 2.75657	 1.95564	 0.66481	 2.36891	 1.39462	 0.62991	 0.90962	50.30095	 0.58677	 0.98461	 1.00754	 1.36804	 0.96709	 0.43842	 5.60384	 5.39295	12433743083.94652	12433743083.94652	12433743083.94652	12433743083.94652	 5.29661	 5.23402	 0.51992	 0.70157	 0.49508	 0.80307	 0.56338	 0.80539	 1.29924	 0.88543	 2.28048	 0.59021	 2.05591	 2.07342	 1.30451	 1.44037	 1.30998	 0.56346	 1.13151	 1.15726	 3.21984	 3.00655	 0.88481	 0.56664	 0.76616	 0.79127	 1.89942	 0.75972	 1.93374	 0.85056	 0.64148	 0.87286	 1.09206	 0.66820	 0.84798	 1.55280	 0.61733	 1.23424	 0.60141	 1.52280	 1.21487	 2.40203	 0.57533	 0.55762	 0.48624	 0.46686	 0.54755	 0.58842	 1.77029	69.06040	12433743083.94652	12433743083.94652	12433743083.94652	12433743083.94652	12433743083.94652	12433743083.94652	12433743083.94652	12433743083.94652	12433743083.94652	12433743083.94652	12433743083.94652	12433743083.94652	12433743083.94652	12433743083.94652	12433743083.94652	12433743083.94652	12433743083.94652	12433743083.94652	 8.82512	 0.62632	 0.40601	 0.44868	 0.41399	 0.66135	 2.21301	 1.51200	 0.64860	 1.38528	 1.36542	 0.93692	 0.90062	 0.67352	 0.78613	 0.70511	12433743083.94652

Beta step 13:
	 0.68297	 0.81812	 0.95723	 1.35913	 0.59804	 0.99000	 1.05440	70.44161	 1.26931	 0.71960	 0.64765	 0.88900	 0.65875	 0.86090	 4.48983	 0.88404	 0.48737	 0.90348	 1.05355	 0.64955	 0.96164	 0.91648	 2.41847	 0.54559	 0.68224	 1.23502	 1.23985	12682417945.62545	 0.59359	 0.67730	 0.83839	 0.62534	 0.51962	 1.04099	12682417945.62545	12682417945.62545	12682417945.62545	 0.84574	 0.65227	 0.46761	 0.67375	 0.52687	 1.55202	 0.96626	 2.32016	 6.94480	 0.70713	 3.94231	 1.26486	 0.87854	 1.06926	 1.88503	 1.79648	 1.31483	 0.75220	 0.76801	 0.39545	 1.09643	 0.45508	 0.43663	 0.41291	 2.53715	12682417945.62545	 1.76494	 0.49930	 0.56685	 0.44208	 0.52558	 0.46280	 1.15624	 0.66358	 0.59144	 0.68598	 0.70050	 0.74902	 0.82258	 1.70045	 0.71040	 0.93085	 1.03861	 0.83201	 0.53662	 1.37181	 0.59345	 0.91097	 0.59903	 0.73740	 0.66308	 0.58050	 0.67473	 1.32544	 0.64539	 0.86649	 0.60960	 0.87112	 1.08217	 0.65930	 0.62099	 0.62379	 1.55621	 1.27271	 1.31995	 0.83664	 1.49736	 1.17388	 2.42027	 0.96415	 0.73351	 0.41780	10000000000.00000	10000000000.00000	10000000000.00000	10000000000.00000	 0.39546	 0.45427	 0.56393	 0.72971	 1.21173	 2.65773	 4.98799	21.74840	12682417945.62545	12682417945.62545	12682417945.62545	29.71708	 9.95664	 3.21329	 1.76426	 0.86937	 0.62841	 0.49740	 0.41755	 0.39787	 0.40678	 0.42294	 0.61309	 0.80191	 0.48257	 1.46954	 1.44810	 1.41514	 1.42533	 1.22027	 0.68035	 1.25916	 1.06815	 1.00691	 0.98099	 0.95233	 0.52961	 0.47882	 0.53199	 0.89361	 1.14508	 3.73053	 0.70366	 1.20960	 0.55185	 0.75099	 0.74959	 1.10468	 0.60057	 0.77281	 0.81669	 1.35963	 0.64982	 0.68017	 0.79415	 0.79690	 1.26088	 0.79130	 2.45893	 0.58564	 0.72992	 0.73736	 0.60167	12682417945.62545	 0.57719	 0.51837	 0.58398	 0.47423	 0.53448	 2.04056	 2.03708	 4.87619	 2.12073	 0.80230	 0.50656	 0.55455	 0.73400	 0.49772	 1.56382	 1.18899	 2.81170	 1.99476	 0.67811	 2.41629	 1.42251	 0.64250	 0.92781	51.30696	 0.59851	 1.00430	 1.02769	 1.39541	 0.98643	 0.44719	 5.71591	 5.50081	12682417945.62545	12682417945.62545	12682417945.62545	12682417945.62545	 5.40254	 5.33871	 0.53032	 0.71560	 0.50498	 0.81913	 0.57465	 0.82150	 1.32523	 0.90314	 2.32609	 0.60201	 2.09703	 2.11489	 1.33060	 1.46918	 1.33618	 0.57472	 1.15414	 1.18040	 3.28424	 3.06669	 0.90251	 0.57797	 0.78149	 0.80710	 1.93741	 0.77491	 1.97241	 0.86757	 0.65431	 0.89032	 1.11390	 0.68157	 0.86494	 1.58386	 0.62968	 1.25892	 0.61343	 1.55326	 1.23917	 2.45007	 0.58684	 0.56877	 0.49597	 0.47620	 0.55850	 0.60019	 1.80570	70.44161	12682417945.62545	12682417945.62545	12682417945.62545	12682417945.62545	12682417945.62545	12682417945.62545	12682417945.62545	12682417945.62545	12682417945.62545	12682417945.62545	12682417945.62545	12682417945.62545	12682417945.62545	12682417945.62545	12682417945.62545	12682417945.62545	12682417945.62545	12682417945.62545	 9.00163	 0.63885	 0.41413	 0.45765	 0.42227	 0.67457	 2.25727	 1.54224	 0.66158	 1.41299	 1.39273	 0.95566	 0.91864	 0.68699	 0.80186	 0.71921	12682417945.62545

Beta step 14:
	 0.69663	 0.83449	 0.97638	 1.38631	 0.61000	 1.00980	 1.07549	71.85044	 1.29470	 0.73399	 0.66060	 0.90678	 0.67193	 0.87812	 4.57962	 0.90173	 0.49711	 0.92155	 1.07462	 0.66255	 0.98087	 0.93481	 2.46684	 0.55650	 0.69589	 1.25973	 1.26465	12936066304.53796	 0.60547	 0.69085	 0.85516	 0.63784	 0.53001	 1.06181	12936066304.53796	12936066304.53796	12936066304.53796	 0.86265	 0.66531	 0.47696	 0.68723	 0.53741	 1.58307	 0.98559	 2.36656	 7.08370	 0.72128	 4.02116	 1.29016	 0.89611	 1.09065	 1.92273	 1.83241	 1.34112	 0.76724	 0.78337	 0.40335	 1.11836	 0.46418	 0.44536	 0.42117	 2.58790	12936066304.53796	 1.80024	 0.50929	 0.57818	 0.45092	 0.53609	 0.47206	 1.17936	 0.67685	 0.60327	 0.69970	 0.71451	 0.76400	 0.83903	 1.73446	 0.72461	 0.94947	 1.05939	 0.84865	 0.54736	 1.39925	 0.60532	 0.92919	 0.61102	 0.75215	 0.67634	 0.59211	 0.68822	 1.35195	 0.65830	 0.88382	 0.62179	 0.88854	 1.10381	 0.67249	 0.63341	 0.63627	 1.58733	 1.29816	 1.34634	 0.85337	 1.52730	 1.19736	 2.46867	 0.98343	 0.74818	 0.42616	10000000000.00000	10000000000.00000	10000000000.00000	10000000000.00000	 0.40337	 0.46336	 0.57521	 0.74430	 1.23597	 2.71088	 5.08775	22.18337	12936066304.53796	12936066304.53796	12936066304.53796	30.31142	10.15578	 3.27755	 1.79955	 0.88676	 0.64098	 0.50735	 0.42590	 0.40582	 0.41492	 0.43140	 0.62535	 0.81795	 0.49223	 1.49893	 1.47707	 1.44344	 1.45384	 1.24468	 0.69396	 1.28434	 1.08951	 1.02705	 1.00061	 0.97138	 0.54020	 0.48839	 0.54263	 0.91148	 1.16798	 3.80514	 0.71773	 1.23379	 0.56289	 0.76601	 0.76458	 1.12677	 0.61258	 0.78826	 0.83303	 1.38682	 0.66281	 0.69377	 0.81003	 0.81284	 1.28610	 0.80712	 2.50811	 0.59736	 0.74452	 0.75211	 0.61370	12936066304.53796	 0.58874	 0.52873	 0.59566	 0.48372	 0.54517	 2.08138	 2.07782	 4.97371	 2.16314	 0.81835	 0.51669	 0.56564	 0.74868	 0.50768	 1.59510	 1.21277	 2.86793	 2.03465	 0.69167	 2.46462	 1.45096	 0.65535	 0.94637	52.33310	 0.61048	 1.02439	 1.04824	 1.42331	 1.00616	 0.45613	 5.83023	 5.61082	12936066304.53796	12936066304.53796	12936066304.53796	12936066304.53796	 5.51059	 5.44548	 0.54092	 0.72991	 0.51508	 0.83552	 0.58614	 0.83793	 1.35173	 0.92120	 2.37261	 0.61405	 2.13897	 2.15719	 1.35721	 1.49857	 1.36290	 0.58622	 1.17722	 1.20401	 3.34992	 3.12802	 0.92056	 0.58953	 0.79712	 0.82324	 1.97616	 0.79041	 2.01186	 0.88492	 0.66739	 0.90812	 1.13618	 0.69520	 0.88224	 1.61554	 0.64227	 1.28410	 0.62570	 1.58432	 1.26395	 2.49907	 0.59858	 0.58015	 0.50589	 0.48572	 0.56967	 0.61219	 1.84181	71.85044	12936066304.53796	12936066304.53796	12936066304.53796	12936066304.53796	12936066304.53796	12936066304.53796	12936066304.53796	12936066304.53796	12936066304.53796	12936066304.53796	12936066304.53796	12936066304.53796	12936066304.53796	12936066304.53796	12936066304.53796	12936066304.53796	12936066304.53796	12936066304.53796	 9.18166	 0.65162	 0.42241	 0.46680	 0.43071	 0.68807	 2.30242	 1.57308	 0.67481	 1.44125	 1.42059	 0.97477	 0.93701	 0.70073	 0.81789	 0.73360	12936066304.53796

Beta step 15:
	 0.71056	 0.85118	 0.99591	 1.41404	 0.62220	 1.02999	 1.09700	73.28745	 1.32059	 0.74867	 0.67382	 0.92492	 0.68537	 0.89568	 4.67122	 0.91976	 0.50706	 0.93998	 1.09612	 0.67580	 1.00049	 0.95350	 2.51618	 0.56763	 0.70980	 1.28492	 1.28994	13194787630.62872	 0.61758	 0.70466	 0.87227	 0.65060	 0.54061	 1.08305	13194787630.62872	13194787630.62872	13194787630.62872	 0.87990	 0.67862	 0.48650	 0.70097	 0.54816	 1.61473	 1.00530	 2.41389	 7.22537	 0.73570	 4.10158	 1.31596	 0.91403	 1.11246	 1.96119	 1.86905	 1.36794	 0.78259	 0.79904	 0.41142	 1.14073	 0.47347	 0.45427	 0.42959	 2.63965	13194787630.62872	 1.83624	 0.51947	 0.58975	 0.45994	 0.54682	 0.48150	 1.20295	 0.69039	 0.61534	 0.71370	 0.72880	 0.77928	 0.85582	 1.76915	 0.73911	 0.96846	 1.08057	 0.86562	 0.55830	 1.42724	 0.61743	 0.94777	 0.62324	 0.76719	 0.68987	 0.60396	 0.70199	 1.37899	 0.67146	 0.90150	 0.63423	 0.90631	 1.12589	 0.68594	 0.64608	 0.64899	 1.61908	 1.32413	 1.37327	 0.87044	 1.55785	 1.22131	 2.51804	 1.00310	 0.76314	 0.43468	10000000000.00000	10000000000.00000	10000000000.00000	10000000000.00000	 0.41144	 0.47262	 0.58672	 0.75919	 1.26069	 2.76510	 5.18951	22.62704	13194787630.62872	13194787630.62872	13194787630.62872	30.91765	10.35889	 3.34310	 1.83554	 0.90449	 0.65380	 0.51749	 0.43442	 0.41394	 0.42322	 0.44003	 0.63786	 0.83431	 0.50207	 1.52891	 1.50661	 1.47231	 1.48291	 1.26957	 0.70784	 1.31003	 1.11130	 1.04759	 1.02062	 0.99080	 0.55101	 0.49816	 0.55348	 0.92971	 1.19134	 3.88124	 0.73208	 1.25847	 0.57415	 0.78133	 0.77988	 1.14931	 0.62483	 0.80403	 0.84969	 1.41455	 0.67607	 0.70765	 0.82623	 0.82909	 1.31182	 0.82327	 2.55827	 0.60930	 0.75941	 0.76715	 0.62597	13194787630.62872	 0.60051	 0.53931	 0.60757	 0.49339	 0.55607	 2.12300	 2.11938	 5.07319	 2.20641	 0.83472	 0.52702	 0.57696	 0.76365	 0.51783	 1.62700	 1.23702	 2.92529	 2.07534	 0.70551	 2.51391	 1.47998	 0.66846	 0.96530	53.37977	 0.62269	 1.04488	 1.06920	 1.45178	 1.02628	 0.46526	 5.94684	 5.72304	13194787630.62872	13194787630.62872	13194787630.62872	13194787630.62872	 5.62081	 5.55439	 0.55174	 0.74451	 0.52538	 0.85223	 0.59786	 0.85469	 1.37877	 0.93962	 2.42007	 0.62633	 2.18175	 2.20033	 1.38436	 1.52854	 1.39016	 0.59794	 1.20077	 1.22809	 3.41692	 3.19058	 0.93897	 0.60132	 0.81306	 0.83970	 2.01568	 0.80622	 2.05210	 0.90262	 0.68074	 0.92629	 1.15891	 0.70910	 0.89988	 1.64785	 0.65512	 1.30978	 0.63822	 1.61601	 1.28923	 2.54905	 0.61055	 0.59175	 0.51601	 0.49543	 0.58106	 0.62443	 1.87865	73.28745	13194787630.62872	13194787630.62872	13194787630.62872	13194787630.62872	13194787630.62872	13194787630.62872	13194787630.62872	13194787630.62872	13194787630.62872	13194787630.62872	13194787630.62872	13194787630.62872	13194787630.62872	13194787630.62872	13194787630.62872	13194787630.62872	13194787630.62872	13194787630.62872	 9.36529	 0.66466	 0.43086	 0.47614	 0.43933	 0.70183	 2.34846	 1.60454	 0.68830	 1.47007	 1.44900	 0.99426	 0.95575	 0.71474	 0.83425	 0.74827	13194787630.62872

Beta step 16:
	 0.72477	 0.86820	 1.01582	 1.44232	 0.63465	 1.05059	 1.11894	74.75320	 1.34701	 0.76365	 0.68729	 0.94342	 0.69907	 0.91360	 4.76464	 0.93815	 0.51720	 0.95878	 1.11804	 0.68931	 1.02050	 0.97257	 2.56650	 0.57898	 0.72400	 1.31062	 1.31574	13458683383.24130	 0.62993	 0.71876	 0.88971	 0.66361	 0.55143	 1.10471	13458683383.24130	13458683383.24130	13458683383.24130	 0.89750	 0.69219	 0.49623	 0.71499	 0.55912	 1.64702	 1.02541	 2.46217	 7.36988	 0.75042	 4.18361	 1.34228	 0.93231	 1.13471	 2.00041	 1.90644	 1.39530	 0.79824	 0.81502	 0.41965	 1.16354	 0.48293	 0.46335	 0.43819	 2.69245	13458683383.24130	 1.87297	 0.52986	 0.60154	 0.46913	 0.55775	 0.49113	 1.22701	 0.70420	 0.62764	 0.72797	 0.74338	 0.79486	 0.87293	 1.80453	 0.75389	 0.98782	 1.10219	 0.88293	 0.56947	 1.45578	 0.62977	 0.96673	 0.63570	 0.78253	 0.70367	 0.61603	 0.71603	 1.40657	 0.68489	 0.91953	 0.64692	 0.92444	 1.14841	 0.69966	 0.65900	 0.66197	 1.65146	 1.35061	 1.40074	 0.88785	 1.58901	 1.24573	 2.56841	 1.02316	 0.77841	 0.44337	10000000000.00000	10000000000.00000	10000000000.00000	10000000000.00000	 0.41967	 0.48208	 0.59845	 0.77437	 1.28590	 2.82040	 5.29330	23.07958	13458683383.24130	13458683383.24130	13458683383.24130	31.53600	10.56607	 3.40997	 1.87225	 0.92258	 0.66687	 0.52784	 0.44311	 0.42222	 0.43168	 0.44883	 0.65061	 0.85100	 0.51211	 1.55949	 1.53674	 1.50175	 1.51257	 1.29496	 0.72199	 1.33623	 1.13353	 1.06854	 1.04103	 1.01062	 0.56203	 0.50813	 0.56455	 0.94830	 1.21516	 3.95887	 0.74673	 1.28364	 0.58563	 0.79695	 0.79547	 1.17229	 0.63732	 0.82011	 0.86668	 1.44285	 0.68959	 0.72180	 0.84276	 0.84567	 1.33806	 0.83973	 2.60944	 0.62149	 0.77460	 0.78250	 0.63849	13458683383.24130	 0.61252	 0.55009	 0.61973	 0.50326	 0.56720	 2.16546	 2.16176	 5.17465	 2.25054	 0.85141	 0.53756	 0.58849	 0.77893	 0.52819	 1.65954	 1.26176	 2.98380	 2.11685	 0.71962	 2.56419	 1.50958	 0.68183	 0.98460	54.44736	 0.63514	 1.06578	 1.09059	 1.48082	 1.04681	 0.47456	 6.06577	 5.83750	13458683383.24130	13458683383.24130	13458683383.24130	13458683383.24130	 5.73322	 5.66548	 0.56277	 0.75940	 0.53589	 0.86927	 0.60982	 0.87178	 1.40634	 0.95842	 2.46847	 0.63886	 2.22538	 2.24434	 1.41204	 1.55911	 1.41797	 0.60990	 1.22478	 1.25265	 3.48526	 3.25439	 0.95775	 0.61335	 0.82932	 0.85650	 2.05599	 0.82235	 2.09314	 0.92067	 0.69436	 0.94481	 1.18208	 0.72328	 0.91788	 1.68080	 0.66822	 1.33598	 0.65098	 1.64833	 1.31502	 2.60003	 0.62276	 0.60359	 0.52633	 0.50534	 0.59268	 0.63692	 1.91622	74.75320	13458683383.24130	13458683383.24130	13458683383.24130	13458683383.24130	13458683383.24130	13458683383.24130	13458683383.24130	13458683383.24130	13458683383.24130	13458683383.24130	13458683383.24130	13458683383.24130	13458683383.24130	13458683383.24130	13458683383.24130	13458683383.24130	13458683383.24130	13458683383.24130	 9.55260	 0.67795	 0.43948	 0.48566	 0.44812	 0.71586	 2.39543	 1.63663	 0.70207	 1.49948	 1.47798	 1.01415	 0.97486	 0.72903	 0.85094	 0.76323	13458683383.24130

Beta step 17:
	 0.73927	 0.88556	 1.03614	 1.47117	 0.64734	 1.07161	 1.14132	76.24826	 1.37395	 0.77892	 0.70104	 0.96228	 0.71306	 0.93187	 4.85993	 0.95692	 0.52754	 0.97796	 1.14040	 0.70310	 1.04091	 0.99202	 2.61783	 0.59056	 0.73848	 1.33683	 1.34205	13727857050.90612	 0.64253	 0.73313	 0.90751	 0.67689	 0.56245	 1.12681	13727857050.90612	13727857050.90612	13727857050.90612	 0.91545	 0.70604	 0.50616	 0.72929	 0.57031	 1.67996	 1.04591	 2.51141	 7.51728	 0.76543	 4.26728	 1.36913	 0.95096	 1.15740	 2.04042	 1.94456	 1.42321	 0.81420	 0.83132	 0.42804	 1.18681	 0.49259	 0.47262	 0.44695	 2.74630	13727857050.90612	 1.91043	 0.54046	 0.61357	 0.47852	 0.56891	 0.50095	 1.25155	 0.71828	 0.64020	 0.74253	 0.75824	 0.81076	 0.89039	 1.84062	 0.76896	 1.00758	 1.12423	 0.90059	 0.58086	 1.48490	 0.64237	 0.98606	 0.64841	 0.79818	 0.71774	 0.62835	 0.73035	 1.43470	 0.69859	 0.93792	 0.65985	 0.94293	 1.17137	 0.71365	 0.67218	 0.67521	 1.68449	 1.37762	 1.42875	 0.90561	 1.62079	 1.27065	 2.61977	 1.04362	 0.79397	 0.45224	10000000000.00000	10000000000.00000	10000000000.00000	10000000000.00000	 0.42806	 0.49172	 0.61042	 0.78986	 1.31162	 2.87681	 5.39916	23.54117	13727857050.90612	13727857050.90612	13727857050.90612	32.16672	10.77739	 3.47817	 1.90970	 0.94103	 0.68021	 0.53840	 0.45197	 0.43066	 0.44032	 0.45780	 0.66363	 0.86802	 0.52235	 1.59068	 1.56747	 1.53179	 1.54282	 1.32086	 0.73643	 1.36295	 1.15620	 1.08992	 1.06185	 1.03083	 0.57327	 0.51829	 0.57584	 0.96727	 1.23947	 4.03805	 0.76166	 1.30931	 0.59734	 0.81289	 0.81138	 1.19574	 0.65007	 0.83651	 0.88401	 1.47170	 0.70338	 0.73624	 0.85961	 0.86259	 1.36482	 0.85653	 2.66162	 0.63392	 0.79009	 0.79815	 0.65126	13727857050.90612	 0.62477	 0.56110	 0.63212	 0.51332	 0.57854	 2.20877	 2.20500	 5.27815	 2.29555	 0.86844	 0.54831	 0.60026	 0.79450	 0.53875	 1.69273	 1.28700	 3.04347	 2.15919	 0.73401	 2.61547	 1.53977	 0.69547	 1.00429	55.53631	 0.64784	 1.08709	 1.11240	 1.51043	 1.06774	 0.48405	 6.18709	 5.95425	13727857050.90612	13727857050.90612	13727857050.90612	13727857050.90612	 5.84789	 5.77879	 0.57403	 0.77459	 0.54661	 0.88666	 0.62202	 0.88922	 1.43447	 0.97759	 2.51784	 0.65164	 2.26989	 2.28922	 1.44029	 1.59029	 1.44633	 0.62210	 1.24928	 1.27771	 3.55496	 3.31948	 0.97691	 0.62561	 0.84590	 0.87363	 2.09711	 0.83879	 2.13500	 0.93908	 0.70824	 0.96371	 1.20573	 0.73775	 0.93624	 1.71442	 0.68158	 1.36270	 0.66400	 1.68130	 1.34132	 2.65203	 0.63522	 0.61566	 0.53685	 0.51545	 0.60453	 0.64966	 1.95454	76.24826	13727857050.90612	13727857050.90612	13727857050.90612	13727857050.90612	13727857050.90612	13727857050.90612	13727857050.90612	13727857050.90612	13727857050.90612	13727857050.90612	13727857050.90612	13727857050.90612	13727857050.90612	13727857050.90612	13727857050.90612	13727857050.90612	13727857050.90612	13727857050.90612	 9.74365	 0.69151	 0.44827	 0.49537	 0.45708	 0.73018	 2.44334	 1.66937	 0.71611	 1.52947	 1.50754	 1.03443	 0.99436	 0.74362	 0.86796	 0.77850	13727857050.90612

Beta step 18:
	 0.75405	 0.90328	 1.05686	 1.50059	 0.66029	 1.09304	 1.16415	77.77322	 1.40143	 0.79450	 0.71506	 0.98153	 0.72732	 0.95051	 4.95713	 0.97606	 0.53809	 0.99752	 1.16321	 0.71716	 1.06173	 1.01186	 2.67019	 0.60237	 0.75325	 1.36357	 1.36890	14002414191.92425	 0.65538	 0.74780	 0.92566	 0.69042	 0.57370	 1.14934	14002414191.92425	14002414191.92425	14002414191.92425	 0.93376	 0.72016	 0.51628	 0.74388	 0.58171	 1.71356	 1.06683	 2.56164	 7.66762	 0.78073	 4.35263	 1.39651	 0.96998	 1.18055	 2.08123	 1.98346	 1.45167	 0.83049	 0.84795	 0.43660	 1.21055	 0.50245	 0.48207	 0.45589	 2.80122	14002414191.92425	 1.94864	 0.55127	 0.62584	 0.48809	 0.58028	 0.51097	 1.27658	 0.73265	 0.65300	 0.75738	 0.77341	 0.82698	 0.90820	 1.87744	 0.78434	 1.02773	 1.14671	 0.91860	 0.59248	 1.51459	 0.65522	 1.00578	 0.66138	 0.81415	 0.73209	 0.64092	 0.74496	 1.46339	 0.71256	 0.95667	 0.67305	 0.96179	 1.19480	 0.72792	 0.68562	 0.68871	 1.71818	 1.40517	 1.45733	 0.92372	 1.65320	 1.29606	 2.67217	 1.06450	 0.80985	 0.46129	10000000000.00000	10000000000.00000	10000000000.00000	10000000000.00000	 0.43662	 0.50155	 0.62263	 0.80566	 1.33785	 2.93434	 5.50715	24.01200	14002414191.92425	14002414191.92425	14002414191.92425	32.81005	10.99294	 3.54773	 1.94789	 0.95986	 0.69382	 0.54917	 0.46101	 0.43928	 0.44912	 0.46696	 0.67690	 0.88538	 0.53280	 1.62249	 1.59882	 1.56243	 1.57368	 1.34728	 0.75116	 1.39021	 1.17932	 1.11171	 1.08309	 1.05145	 0.58473	 0.52865	 0.58736	 0.98661	 1.26426	 4.11881	 0.77689	 1.33550	 0.60929	 0.82915	 0.82761	 1.21965	 0.66307	 0.85324	 0.90169	 1.50114	 0.71745	 0.75096	 0.87681	 0.87984	 1.39212	 0.87366	 2.71486	 0.64660	 0.80589	 0.81411	 0.66429	14002414191.92425	 0.63727	 0.57232	 0.64476	 0.52359	 0.59011	 2.25295	 2.24910	 5.38371	 2.34146	 0.88581	 0.55928	 0.61227	 0.81040	 0.54953	 1.72658	 1.31274	 3.10434	 2.20237	 0.74869	 2.66778	 1.57057	 0.70938	 1.02438	56.64703	 0.66080	 1.10883	 1.13465	 1.54064	 1.08910	 0.49373	 6.31083	 6.07333	14002414191.92425	14002414191.92425	14002414191.92425	14002414191.92425	 5.96484	 5.89436	 0.58551	 0.79008	 0.55754	 0.90439	 0.63446	 0.90700	 1.46316	 0.99714	 2.56819	 0.66467	 2.31529	 2.33501	 1.46909	 1.62210	 1.47525	 0.63454	 1.27426	 1.30326	 3.62606	 3.38587	 0.99644	 0.63812	 0.86282	 0.89110	 2.13905	 0.85557	 2.17770	 0.95786	 0.72241	 0.98298	 1.22984	 0.75250	 0.95496	 1.74871	 0.69521	 1.38995	 0.67728	 1.71492	 1.36814	 2.70508	 0.64792	 0.62797	 0.54759	 0.52576	 0.61663	 0.66265	 1.99363	77.77322	14002414191.92425	14002414191.92425	14002414191.92425	14002414191.92425	14002414191.92425	14002414191.92425	14002414191.92425	14002414191.92425	14002414191.92425	14002414191.92425	14002414191.92425	14002414191.92425	14002414191.92425	14002414191.92425	14002414191.92425	14002414191.92425	14002414191.92425	14002414191.92425	 9.93852	 0.70534	 0.45723	 0.50528	 0.46622	 0.74478	 2.49221	 1.70275	 0.73043	 1.56005	 1.53769	 1.05512	 1.01425	 0.75849	 0.88531	 0.79407	14002414191.92425

Beta step 19:
	 0.76914	 0.92134	 1.07800	 1.53060	 0.67349	 1.11490	 1.18743	79.32869	 1.42945	 0.81039	 0.72936	 1.00116	 0.74186	 0.96952	 5.05627	 0.99558	 0.54885	 1.01747	 1.18647	 0.73150	 1.08296	 1.03210	 2.72359	 0.61442	 0.76832	 1.39084	 1.39627	14282462475.76273	 0.66848	 0.76275	 0.94417	 0.70423	 0.58518	 1.17233	14282462475.76273	14282462475.76273	14282462475.76273	 0.95244	 0.73456	 0.52660	 0.75876	 0.59335	 1.74783	 1.08817	 2.61288	 7.82098	 0.79635	 4.43968	 1.42444	 0.98938	 1.20416	 2.12285	 2.02313	 1.48071	 0.84710	 0.86491	 0.44534	 1.23476	 0.51249	 0.49171	 0.46501	 2.85725	14282462475.76273	 1.98761	 0.56229	 0.63836	 0.49785	 0.59189	 0.52119	 1.30211	 0.74730	 0.66606	 0.77253	 0.78888	 0.84352	 0.92636	 1.91499	 0.80003	 1.04829	 1.16965	 0.93698	 0.60432	 1.54489	 0.66832	 1.02590	 0.67461	 0.83043	 0.74674	 0.65374	 0.75986	 1.49266	 0.72681	 0.97581	 0.68651	 0.98102	 1.21870	 0.74248	 0.69934	 0.70249	 1.75254	 1.43328	 1.48647	 0.94219	 1.68627	 1.32198	 2.72561	 1.08579	 0.82605	 0.47051	10000000000.00000	10000000000.00000	10000000000.00000	10000000000.00000	 0.44536	 0.51158	 0.63508	 0.82177	 1.36461	 2.99303	 5.61729	24.49224	14282462475.76273	14282462475.76273	14282462475.76273	33.46625	11.21280	 3.61868	 1.98685	 0.97905	 0.70769	 0.56015	 0.47023	 0.44806	 0.45811	 0.47630	 0.69044	 0.90308	 0.54346	 1.65494	 1.63080	 1.59367	 1.60515	 1.37423	 0.76619	 1.41802	 1.20291	 1.13395	 1.10475	 1.07248	 0.59643	 0.53923	 0.59910	 1.00635	 1.28954	 4.20118	 0.79243	 1.36221	 0.62148	 0.84573	 0.84416	 1.24404	 0.67633	 0.87030	 0.91973	 1.53116	 0.73180	 0.76598	 0.89434	 0.89744	 1.41996	 0.89113	 2.76915	 0.65953	 0.82201	 0.83039	 0.67758	14282462475.76273	 0.65001	 0.58376	 0.65766	 0.53406	 0.60191	 2.29801	 2.29408	 5.49138	 2.38829	 0.90352	 0.57047	 0.62451	 0.82660	 0.56052	 1.76112	 1.33900	 3.16643	 2.24642	 0.76366	 2.72114	 1.60198	 0.72356	 1.04487	57.77997	 0.67402	 1.13101	 1.15734	 1.57145	 1.11088	 0.50361	 6.43705	 6.19480	14282462475.76273	14282462475.76273	14282462475.76273	14282462475.76273	 6.08414	 6.01225	 0.59722	 0.80588	 0.56869	 0.92248	 0.64715	 0.92514	 1.49242	 1.01708	 2.61956	 0.67796	 2.36159	 2.38171	 1.49847	 1.65454	 1.50476	 0.64723	 1.29975	 1.32933	 3.69858	 3.45359	 1.01637	 0.65089	 0.88008	 0.90892	 2.18183	 0.87268	 2.22126	 0.97702	 0.73686	 1.00264	 1.25444	 0.76755	 0.97406	 1.78368	 0.70912	 1.41775	 0.69083	 1.74922	 1.39551	 2.75918	 0.66088	 0.64053	 0.55854	 0.53627	 0.62896	 0.67591	 2.03351	79.32869	14282462475.76273	14282462475.76273	14282462475.76273	14282462475.76273	14282462475.76273	14282462475.76273	14282462475.76273	14282462475.76273	14282462475.76273	14282462475.76273	14282462475.76273	14282462475.76273	14282462475.76273	14282462475.76273	14282462475.76273	14282462475.76273	14282462475.76273	14282462475.76273	10.13729	 0.71945	 0.46638	 0.51539	 0.47554	 0.75968	 2.54205	 1.73681	 0.74504	 1.59126	 1.56844	 1.07622	 1.03453	 0.77366	 0.90302	 0.80995	14282462475.76273

Beta step 20:
	 0.78452	 0.93977	 1.09956	 1.56121	 0.68696	 1.13720	 1.21118	80.91526	 1.45804	 0.82660	 0.74395	 1.02118	 0.75670	 0.98891	 5.15740	 1.01549	 0.55983	 1.03781	 1.21020	 0.74613	 1.10462	 1.05274	 2.77806	 0.62671	 0.78368	 1.41865	 1.42420	14568111725.27799	 0.68185	 0.77801	 0.96305	 0.71832	 0.59688	 1.19578	14568111725.27799	14568111725.27799	14568111725.27799	 0.97149	 0.74925	 0.53714	 0.77393	 0.60521	 1.78279	 1.10993	 2.66513	 7.97740	 0.81228	 4.52847	 1.45293	 1.00916	 1.22825	 2.16531	 2.06359	 1.51032	 0.86404	 0.88220	 0.45424	 1.25946	 0.52274	 0.50155	 0.47431	 2.91439	14568111725.27799	 2.02736	 0.57354	 0.65113	 0.50781	 0.60373	 0.53162	 1.32815	 0.76224	 0.67938	 0.78798	 0.80465	 0.86039	 0.94489	 1.95329	 0.81603	 1.06925	 1.19304	 0.95572	 0.61641	 1.57578	 0.68169	 1.04642	 0.68810	 0.84704	 0.76167	 0.66682	 0.77505	 1.52251	 0.74135	 0.99532	 0.70024	 1.00064	 1.24307	 0.75733	 0.71332	 0.71654	 1.78759	 1.46194	 1.51620	 0.96104	 1.71999	 1.34842	 2.78012	 1.10750	 0.84257	 0.47992	10000000000.00000	10000000000.00000	10000000000.00000	10000000000.00000	 0.45426	 0.52181	 0.64778	 0.83821	 1.39190	 3.05289	 5.72964	24.98208	14568111725.27799	14568111725.27799	14568111725.27799	34.13558	11.43705	 3.69106	 2.02658	 0.99863	 0.72185	 0.57135	 0.47964	 0.45702	 0.46727	 0.48583	 0.70425	 0.92115	 0.55433	 1.68804	 1.66342	 1.62555	 1.63726	 1.40171	 0.78151	 1.44638	 1.22697	 1.15663	 1.12685	 1.09393	 0.60836	 0.55001	 0.61108	 1.02647	 1.31533	 4.28521	 0.80828	 1.38945	 0.63391	 0.86265	 0.86105	 1.26893	 0.68986	 0.88771	 0.93812	 1.56178	 0.74643	 0.78130	 0.91223	 0.91538	 1.44836	 0.90895	 2.82454	 0.67272	 0.83845	 0.84700	 0.69113	14568111725.27799	 0.66301	 0.59544	 0.67081	 0.54474	 0.61395	 2.34397	 2.33996	 5.60121	 2.43605	 0.92159	 0.58188	 0.63701	 0.84314	 0.57173	 1.79634	 1.36577	 3.22976	 2.29135	 0.77893	 2.77556	 1.63402	 0.73803	 1.06577	58.93557	 0.68750	 1.15363	 1.18049	 1.60288	 1.13310	 0.51368	 6.56579	 6.31870	14568111725.27799	14568111725.27799	14568111725.27799	14568111725.27799	 6.20582	 6.13249	 0.60917	 0.82200	 0.58007	 0.94093	 0.66009	 0.94364	 1.52227	 1.03742	 2.67195	 0.69152	 2.40882	 2.42934	 1.52844	 1.68763	 1.53485	 0.66018	 1.32574	 1.35591	 3.77255	 3.52266	 1.03670	 0.66391	 0.89768	 0.92710	 2.22547	 0.89013	 2.26568	 0.99656	 0.75159	 1.02269	 1.27953	 0.78290	 0.99355	 1.81936	 0.72330	 1.44611	 0.70464	 1.78420	 1.42342	 2.81436	 0.67410	 0.65334	 0.56971	 0.54700	 0.64154	 0.68942	 2.07418	80.91526	14568111725.27799	14568111725.27799	14568111725.27799	14568111725.27799	14568111725.27799	14568111725.27799	14568111725.27799	14568111725.27799	14568111725.27799	14568111725.27799	14568111725.27799	14568111725.27799	14568111725.27799	14568111725.27799	14568111725.27799	14568111725.27799	14568111725.27799	14568111725.27799	10.34004	 0.73383	 0.47571	 0.52570	 0.48505	 0.77487	 2.59289	 1.77154	 0.75994	 1.62308	 1.59981	 1.09775	 1.05523	 0.78913	 0.92108	 0.82615	14568111725.27799

Beta step 21:
	 0.80021	 0.95856	 1.12155	 1.59244	 0.70070	 1.15994	 1.23540	82.53357	 1.48720	 0.84313	 0.75883	 1.04161	 0.77183	 1.00868	 5.26055	 1.03580	 0.57103	 1.05857	 1.23440	 0.76106	 1.12671	 1.07380	 2.83362	 0.63924	 0.79936	 1.44703	 1.45268	14859473959.78355	 0.69549	 0.79357	 0.98231	 0.73268	 0.60882	 1.21969	14859473959.78355	14859473959.78355	14859473959.78355	 0.99092	 0.76424	 0.54788	 0.78941	 0.61732	 1.81844	 1.13213	 2.71844	 8.13694	 0.82852	 4.61904	 1.48199	 1.02935	 1.25281	 2.20861	 2.10486	 1.54053	 0.88132	 0.89985	 0.46333	 1.28465	 0.53320	 0.51158	 0.48379	 2.97268	14859473959.78355	 2.06791	 0.58501	 0.66415	 0.51796	 0.61580	 0.54225	 1.35472	 0.77749	 0.69297	 0.80374	 0.82075	 0.87759	 0.96379	 1.99235	 0.83235	 1.09064	 1.21690	 0.97483	 0.62874	 1.60730	 0.69532	 1.06734	 0.70186	 0.86398	 0.77690	 0.68015	 0.79055	 1.55296	 0.75618	 1.01523	 0.71425	 1.02066	 1.26793	 0.77248	 0.72759	 0.73087	 1.82334	 1.49118	 1.54653	 0.98026	 1.75439	 1.37539	 2.83573	 1.12965	 0.85942	 0.48952	10000000000.00000	10000000000.00000	10000000000.00000	10000000000.00000	 0.46335	 0.53225	 0.66074	 0.85497	 1.41974	 3.11395	 5.84423	25.48172	14859473959.78355	14859473959.78355	14859473959.78355	34.81829	11.66579	 3.76488	 2.06712	 1.01861	 0.73628	 0.58278	 0.48923	 0.46616	 0.47661	 0.49554	 0.71833	 0.93957	 0.56541	 1.72180	 1.69669	 1.65806	 1.67000	 1.42975	 0.79714	 1.47530	 1.25150	 1.17976	 1.14938	 1.11581	 0.62052	 0.56101	 0.62331	 1.04700	 1.34164	 4.37091	 0.82445	 1.41724	 0.64658	 0.87990	 0.87827	 1.29430	 0.70366	 0.90546	 0.95688	 1.59302	 0.76136	 0.79693	 0.93047	 0.93369	 1.47733	 0.92713	 2.88103	 0.68617	 0.85522	 0.86394	 0.70495	14859473959.78355	 0.67627	 0.60735	 0.68423	 0.55564	 0.62623	 2.39085	 2.38676	 5.71323	 2.48477	 0.94003	 0.59351	 0.64975	 0.86000	 0.58316	 1.83227	 1.39309	 3.29435	 2.33717	 0.79451	 2.83107	 1.66670	 0.75280	 1.08708	60.11429	 0.70125	 1.17670	 1.20410	 1.63494	 1.15576	 0.52396	 6.69710	 6.44507	14859473959.78355	14859473959.78355	14859473959.78355	14859473959.78355	 6.32994	 6.25514	 0.62135	 0.83844	 0.59167	 0.95975	 0.67329	 0.96252	 1.55272	 1.05817	 2.72539	 0.70535	 2.45700	 2.47793	 1.55901	 1.72138	 1.56555	 0.67338	 1.35226	 1.38303	 3.84800	 3.59311	 1.05743	 0.67718	 0.91563	 0.94564	 2.26998	 0.90794	 2.31100	 1.01649	 0.76662	 1.04315	 1.30512	 0.79856	 1.01342	 1.85574	 0.73777	 1.47503	 0.71874	 1.81989	 1.45189	 2.87065	 0.68758	 0.66641	 0.58111	 0.55794	 0.65437	 0.70321	 2.11566	82.53357	14859473959.78355	14859473959.78355	14859473959.78355	14859473959.78355	14859473959.78355	14859473959.78355	14859473959.78355	14859473959.78355	14859473959.78355	14859473959.78355	14859473959.78355	14859473959.78355	14859473959.78355	14859473959.78355	14859473959.78355	14859473959.78355	14859473959.78355	14859473959.78355	10.54684	 0.74851	 0.48522	 0.53621	 0.49476	 0.79037	 2.64475	 1.80698	 0.77514	 1.65554	 1.63181	 1.11970	 1.07633	 0.80491	 0.93950	 0.84267	14859473959.78355

Beta step 22:
	 0.81621	 0.97773	 1.14398	 1.62429	 0.71472	 1.18314	 1.26011	84.18424	 1.51695	 0.85999	 0.77400	 1.06244	 0.78727	 1.02886	 5.36576	 1.05651	 0.58245	 1.07974	 1.25909	 0.77628	 1.14925	 1.09527	 2.89030	 0.65203	 0.81534	 1.47597	 1.48174	15156663438.97922	 0.70940	 0.80944	 1.00196	 0.74734	 0.62099	 1.24409	15156663438.97922	15156663438.97922	15156663438.97922	 1.01073	 0.77952	 0.55884	 0.80520	 0.62966	 1.85481	 1.15477	 2.77280	 8.29968	 0.84509	 4.71142	 1.51163	 1.04994	 1.27787	 2.25279	 2.14696	 1.57134	 0.89895	 0.91784	 0.47259	 1.31034	 0.54386	 0.52181	 0.49347	 3.03213	15156663438.97922	 2.10927	 0.59671	 0.67743	 0.52832	 0.62812	 0.55309	 1.38181	 0.79304	 0.70683	 0.81982	 0.83716	 0.89515	 0.98306	 2.03220	 0.84900	 1.11245	 1.24124	 0.99433	 0.64131	 1.63945	 0.70923	 1.08869	 0.71590	 0.88126	 0.79244	 0.69375	 0.80637	 1.58402	 0.77130	 1.03554	 0.72853	 1.04107	 1.29329	 0.78793	 0.74214	 0.74549	 1.85981	 1.52100	 1.57746	 0.99986	 1.78948	 1.40290	 2.89244	 1.15224	 0.87661	 0.49931	10000000000.00000	10000000000.00000	10000000000.00000	10000000000.00000	 0.47262	 0.54290	 0.67395	 0.87207	 1.44813	 3.17623	 5.96111	25.99136	15156663438.97922	15156663438.97922	15156663438.97922	35.51466	11.89911	 3.84018	 2.10846	 1.03898	 0.75101	 0.59444	 0.49901	 0.47549	 0.48615	 0.50545	 0.73270	 0.95836	 0.57672	 1.75624	 1.73062	 1.69122	 1.70340	 1.45834	 0.81308	 1.50481	 1.27653	 1.20336	 1.17237	 1.13812	 0.63293	 0.57223	 0.63577	 1.06794	 1.36847	 4.45833	 0.84093	 1.44558	 0.65952	 0.89750	 0.89583	 1.32019	 0.71773	 0.92357	 0.97602	 1.62488	 0.77659	 0.81286	 0.94908	 0.95237	 1.50687	 0.94568	 2.93865	 0.69990	 0.87232	 0.88122	 0.71905	15156663438.97922	 0.68980	 0.61950	 0.69791	 0.56675	 0.63876	 2.43866	 2.43450	 5.82750	 2.53447	 0.95883	 0.60538	 0.66274	 0.87720	 0.59482	 1.86891	 1.42095	 3.36024	 2.38392	 0.81040	 2.88769	 1.70003	 0.76785	 1.10882	61.31657	 0.71527	 1.20024	 1.22818	 1.66764	 1.17888	 0.53443	 6.83104	 6.57397	15156663438.97922	15156663438.97922	15156663438.97922	15156663438.97922	 6.45654	 6.38025	 0.63378	 0.85521	 0.60350	 0.97894	 0.68676	 0.98177	 1.58377	 1.07933	 2.77989	 0.71946	 2.50614	 2.52749	 1.59019	 1.75581	 1.59686	 0.68685	 1.37930	 1.41069	 3.92496	 3.66497	 1.07858	 0.69073	 0.93395	 0.96456	 2.31538	 0.92609	 2.35722	 1.03682	 0.78196	 1.06401	 1.33122	 0.81453	 1.03368	 1.89286	 0.75252	 1.50453	 0.73311	 1.85629	 1.48092	 2.92806	 0.70133	 0.67973	 0.59273	 0.56910	 0.66746	 0.71728	 2.15797	84.18424	15156663438.97922	15156663438.97922	15156663438.97922	15156663438.97922	15156663438.97922	15156663438.97922	15156663438.97922	15156663438.97922	15156663438.97922	15156663438.97922	15156663438.97922	15156663438.97922	15156663438.97922	15156663438.97922	15156663438.97922	15156663438.97922	15156663438.97922	15156663438.97922	10.75778	 0.76348	 0.49492	 0.54693	 0.50465	 0.80618	 2.69765	 1.84312	 0.79065	 1.68865	 1.66444	 1.14210	 1.09786	 0.82101	 0.95829	 0.85953	15156663438.97922

Beta step 23:
	 0.83254	 0.99729	 1.16686	 1.65677	 0.72901	 1.20680	 1.28531	85.86792	 1.54729	 0.87719	 0.78948	 1.08369	 0.80302	 1.04943	 5.47307	 1.07764	 0.59410	 1.10134	 1.28427	 0.79180	 1.17223	 1.11718	 2.94810	 0.66507	 0.83165	 1.50549	 1.51137	15459796707.75881	 0.72359	 0.82563	 1.02200	 0.76228	 0.63341	 1.26897	15459796707.75881	15459796707.75881	15459796707.75881	 1.03095	 0.79511	 0.57001	 0.82130	 0.64226	 1.89191	 1.17787	 2.82826	 8.46568	 0.86199	 4.80565	 1.54186	 1.07093	 1.30342	 2.29784	 2.18990	 1.60277	 0.91693	 0.93620	 0.48205	 1.33655	 0.55474	 0.53225	 0.50334	 3.09277	15459796707.75881	 2.15145	 0.60865	 0.69098	 0.53889	 0.64068	 0.56415	 1.40945	 0.80890	 0.72096	 0.83621	 0.85391	 0.91305	 1.00272	 2.07284	 0.86598	 1.13470	 1.26606	 1.01421	 0.65414	 1.67223	 0.72341	 1.11046	 0.73022	 0.89888	 0.80829	 0.70763	 0.82249	 1.61570	 0.78673	 1.05625	 0.74310	 1.06189	 1.31916	 0.80369	 0.75699	 0.76040	 1.89701	 1.55142	 1.60901	 1.01986	 1.82527	 1.43096	 2.95029	 1.17529	 0.89414	 0.50930	10000000000.00000	10000000000.00000	10000000000.00000	10000000000.00000	 0.48207	 0.55375	 0.68743	 0.88951	 1.47710	 3.23975	 6.08034	26.51118	15459796707.75881	15459796707.75881	15459796707.75881	36.22495	12.13709	 3.91698	 2.15063	 1.05976	 0.76603	 0.60633	 0.50899	 0.48500	 0.49587	 0.51556	 0.74735	 0.97753	 0.58826	 1.79136	 1.76523	 1.72504	 1.73747	 1.48751	 0.82934	 1.53491	 1.30207	 1.22742	 1.19582	 1.16088	 0.64559	 0.58368	 0.64849	 1.08930	 1.39584	 4.54750	 0.85775	 1.47450	 0.67271	 0.91545	 0.91375	 1.34659	 0.73209	 0.94205	 0.99554	 1.65738	 0.79212	 0.82912	 0.96807	 0.97141	 1.53701	 0.96459	 2.99742	 0.71390	 0.88977	 0.89884	 0.73343	15459796707.75881	 0.70359	 0.63189	 0.71187	 0.57809	 0.65153	 2.48744	 2.48319	 5.94405	 2.58516	 0.97800	 0.61749	 0.67600	 0.89474	 0.60672	 1.90629	 1.44937	 3.42744	 2.43160	 0.82661	 2.94545	 1.73403	 0.78321	 1.13100	62.54290	 0.72958	 1.22424	 1.25274	 1.70099	 1.20245	 0.54512	 6.96767	 6.70545	15459796707.75881	15459796707.75881	15459796707.75881	15459796707.75881	 6.58567	 6.50785	 0.64645	 0.87232	 0.61557	 0.99852	 0.70049	 1.00140	 1.61545	 1.10092	 2.83549	 0.73385	 2.55626	 2.57804	 1.62200	 1.79092	 1.62880	 0.70059	 1.40689	 1.43891	 4.00346	 3.73827	 1.10015	 0.70454	 0.95263	 0.98385	 2.36169	 0.94462	 2.40436	 1.05756	 0.79760	 1.08529	 1.35784	 0.83082	 1.05436	 1.93072	 0.76757	 1.53462	 0.74777	 1.89341	 1.51054	 2.98662	 0.71536	 0.69333	 0.60458	 0.58048	 0.68080	 0.73162	 2.20113	85.86792	15459796707.75881	15459796707.75881	15459796707.75881	15459796707.75881	15459796707.75881	15459796707.75881	15459796707.75881	15459796707.75881	15459796707.75881	15459796707.75881	15459796707.75881	15459796707.75881	15459796707.75881	15459796707.75881	15459796707.75881	15459796707.75881	15459796707.75881	15459796707.75881	10.97293	 0.77875	 0.50482	 0.55787	 0.51474	 0.82230	 2.75160	 1.87998	 0.80646	 1.72243	 1.69773	 1.16494	 1.11981	 0.83743	 0.97746	 0.87672	15459796707.75881

Beta step 24:
	 0.84919	 1.01724	 1.19020	 1.68991	 0.74359	 1.23094	 1.31102	87.58528	 1.57823	 0.89474	 0.80527	 1.10536	 0.81908	 1.07042	 5.58254	 1.09920	 0.60598	 1.12336	 1.30996	 0.80764	 1.19568	 1.13952	 3.00706	 0.67837	 0.84828	 1.53560	 1.54160	15768992641.91398	 0.73806	 0.84214	 1.04244	 0.77753	 0.64608	 1.29435	15768992641.91398	15768992641.91398	15768992641.91398	 1.05157	 0.81101	 0.58141	 0.83773	 0.65510	 1.92975	 1.20143	 2.88483	 8.63499	 0.87923	 4.90177	 1.57270	 1.09235	 1.32949	 2.34380	 2.23369	 1.63482	 0.93526	 0.95493	 0.49169	 1.36328	 0.56583	 0.54289	 0.51341	 3.15463	15768992641.91398	 2.19448	 0.62082	 0.70480	 0.54967	 0.65349	 0.57544	 1.43764	 0.82508	 0.73538	 0.85294	 0.87098	 0.93131	 1.02278	 2.11430	 0.88330	 1.15739	 1.29139	 1.03450	 0.66722	 1.70568	 0.73788	 1.13267	 0.74482	 0.91686	 0.82446	 0.72178	 0.83894	 1.64802	 0.80246	 1.07737	 0.75796	 1.08313	 1.34554	 0.81976	 0.77212	 0.77560	 1.93495	 1.58245	 1.64119	 1.04026	 1.86177	 1.45958	 3.00930	 1.19879	 0.91203	 0.51948	10000000000.00000	10000000000.00000	10000000000.00000	10000000000.00000	 0.49171	 0.56483	 0.70118	 0.90730	 1.50664	 3.30455	 6.20194	27.04141	15768992641.91398	15768992641.91398	15768992641.91398	36.94945	12.37983	 3.99532	 2.19364	 1.08095	 0.78135	 0.61845	 0.51917	 0.49470	 0.50579	 0.52587	 0.76230	 0.99708	 0.60002	 1.82719	 1.80054	 1.75955	 1.77222	 1.51726	 0.84593	 1.56560	 1.32811	 1.25197	 1.21974	 1.18410	 0.65850	 0.59535	 0.66146	 1.11109	 1.42376	 4.63845	 0.87491	 1.50399	 0.68616	 0.93376	 0.93202	 1.37353	 0.74673	 0.96089	 1.01545	 1.69052	 0.80796	 0.84570	 0.98743	 0.99084	 1.56775	 0.98388	 3.05737	 0.72817	 0.90757	 0.91682	 0.74810	15768992641.91398	 0.71767	 0.64452	 0.72611	 0.58965	 0.66456	 2.53718	 2.53285	 6.06293	 2.63686	 0.99756	 0.62984	 0.68952	 0.91264	 0.61886	 1.94441	 1.47836	 3.49599	 2.48023	 0.84314	 3.00436	 1.76871	 0.79887	 1.15362	63.79376	 0.74417	 1.24873	 1.27780	 1.73501	 1.22650	 0.55603	 7.10702	 6.83956	15768992641.91398	15768992641.91398	15768992641.91398	15768992641.91398	 6.71738	 6.63801	 0.65938	 0.88976	 0.62788	 1.01849	 0.71450	 1.02143	 1.64776	 1.12294	 2.89220	 0.74853	 2.60739	 2.62960	 1.65444	 1.82674	 1.66137	 0.71460	 1.43503	 1.46768	 4.08353	 3.81304	 1.12216	 0.71863	 0.97168	 1.00352	 2.40892	 0.96351	 2.45245	 1.07871	 0.81355	 1.10700	 1.38500	 0.84744	 1.07545	 1.96933	 0.78292	 1.56531	 0.76273	 1.93128	 1.54075	 3.04635	 0.72966	 0.70720	 0.61668	 0.59209	 0.69442	 0.74626	 2.24516	87.58528	15768992641.91398	15768992641.91398	15768992641.91398	15768992641.91398	15768992641.91398	15768992641.91398	15768992641.91398	15768992641.91398	15768992641.91398	15768992641.91398	15768992641.91398	15768992641.91398	15768992641.91398	15768992641.91398	15768992641.91398	15768992641.91398	15768992641.91398	15768992641.91398	11.19239	 0.79433	 0.51492	 0.56903	 0.52504	 0.83875	 2.80663	 1.91758	 0.82259	 1.75687	 1.73169	 1.18824	 1.14221	 0.85418	 0.99701	 0.89425	15768992641.91398

Beta step 25:
	 0.86617	 1.03758	 1.21400	 1.72371	 0.75846	 1.25556	 1.33724	89.33699	 1.60980	 0.91263	 0.82138	 1.12747	 0.83546	 1.09183	 5.69419	 1.12118	 0.61810	 1.14583	 1.33616	 0.82379	 1.21959	 1.16231	 3.06721	 0.69194	 0.86525	 1.56631	 1.57243	16084372494.75226	 0.75282	 0.85898	 1.06329	 0.79308	 0.65900	 1.32023	16084372494.75226	16084372494.75226	16084372494.75226	 1.07260	 0.82723	 0.59304	 0.85448	 0.66820	 1.96834	 1.22546	 2.94252	 8.80769	 0.89682	 4.99980	 1.60415	 1.11420	 1.35608	 2.39068	 2.27837	 1.66752	 0.95397	 0.97402	 0.50152	 1.39054	 0.57715	 0.55375	 0.52367	 3.21772	16084372494.75226	 2.23837	 0.63324	 0.71890	 0.56066	 0.66656	 0.58695	 1.46639	 0.84158	 0.75009	 0.86999	 0.88840	 0.94994	 1.04323	 2.15658	 0.90097	 1.18054	 1.31721	 1.05519	 0.68057	 1.73979	 0.75264	 1.15533	 0.75972	 0.93520	 0.84095	 0.73622	 0.85572	 1.68098	 0.81851	 1.09892	 0.77312	 1.10479	 1.37245	 0.83615	 0.78757	 0.79112	 1.97365	 1.61410	 1.67401	 1.06106	 1.89901	 1.48877	 3.06948	 1.22277	 0.93027	 0.52987	10000000000.00000	10000000000.00000	10000000000.00000	10000000000.00000	 0.50154	 0.57613	 0.71521	 0.92545	 1.53677	 3.37064	 6.32598	27.58224	16084372494.75226	16084372494.75226	16084372494.75226	37.68844	12.62743	 4.07523	 2.23751	 1.10257	 0.79698	 0.63082	 0.52956	 0.50459	 0.51590	 0.53639	 0.77754	 1.01702	 0.61202	 1.86374	 1.83655	 1.79474	 1.80766	 1.54760	 0.86285	 1.59692	 1.35467	 1.27701	 1.24413	 1.20778	 0.67167	 0.60726	 0.67469	 1.13331	 1.45223	 4.73122	 0.89241	 1.53407	 0.69988	 0.95243	 0.95066	 1.40100	 0.76166	 0.98010	 1.03576	 1.72433	 0.82412	 0.86262	 1.00718	 1.01066	 1.59911	 1.00356	 3.11852	 0.74274	 0.92572	 0.93516	 0.76306	16084372494.75226	 0.73202	 0.65741	 0.74063	 0.60144	 0.67785	 2.58793	 2.58351	 6.18419	 2.68960	 1.01751	 0.64244	 0.70331	 0.93089	 0.63123	 1.98330	 1.50793	 3.56591	 2.52983	 0.86001	 3.06444	 1.80409	 0.81485	 1.17669	65.06964	 0.75905	 1.27370	 1.30335	 1.76971	 1.25103	 0.56715	 7.24916	 6.97635	16084372494.75226	16084372494.75226	16084372494.75226	16084372494.75226	 6.85173	 6.77077	 0.67257	 0.90756	 0.64044	 1.03886	 0.72879	 1.04186	 1.68071	 1.14540	 2.95005	 0.76350	 2.65954	 2.68219	 1.68752	 1.86328	 1.69460	 0.72889	 1.46373	 1.49704	 4.16520	 3.88930	 1.14460	 0.73300	 0.99111	 1.02359	 2.45710	 0.98278	 2.50150	 1.10028	 0.82982	 1.12914	 1.41270	 0.86439	 1.09695	 2.00872	 0.79858	 1.59662	 0.77798	 1.96991	 1.57157	 3.10728	 0.74426	 0.72134	 0.62901	 0.60393	 0.70831	 0.76118	 2.29006	89.33699	16084372494.75226	16084372494.75226	16084372494.75226	16084372494.75226	16084372494.75226	16084372494.75226	16084372494.75226	16084372494.75226	16084372494.75226	16084372494.75226	16084372494.75226	16084372494.75226	16084372494.75226	16084372494.75226	16084372494.75226	16084372494.75226	16084372494.75226	16084372494.75226	11.41624	 0.81021	 0.52522	 0.58041	 0.53554	 0.85552	 2.86276	 1.95593	 0.83904	 1.79201	 1.76632	 1.21200	 1.16505	 0.87126	 1.01695	 0.91214	16084372494.75226

