epoch	loss
1	6.931471805599470e-01
2	1.949648535382243e-01
3	1.508120071756405e-01
4	1.288542888781981e-01
5	1.154422025876555e-01
6	1.063333252241121e-01
7	9.972250600467546e-02
8	9.469881831644619e-02
9	9.074907609154223e-02
10	8.756077064537518e-02
11	8.493218664969245e-02
12	8.272708183345186e-02
13	8.085002560659731e-02
14	7.923214665442609e-02
15	7.782248358021471e-02
16	7.658251872410587e-02
17	7.548260345901521e-02
18	7.449955099339362e-02
19	7.361497373661545e-02
20	7.281410916315964e-02
21	7.208497425133373e-02
22	7.141774584826642e-02
23	7.080429945955583e-02
24	7.023786110323767e-02
25	6.971274114768583e-02
26	6.922412845975927e-02
27	6.876792950584357e-02
28	6.834064136420617e-02
29	6.793925060325377e-02
30	6.756115209093884e-02
31	6.720408330755619e-02
32	6.686607082361880e-02
33	6.654538640121083e-02
34	6.624051076613574e-02
35	6.595010353784947e-02
36	6.567297813551554e-02
37	6.540808073039685e-02
38	6.515447250786302e-02
39	6.491131465140736e-02
40	6.467785557708564e-02
41	6.445342003767110e-02
42	6.423739978748261e-02
43	6.402924555568439e-02
44	6.382846012122521e-02
45	6.363459231897384e-02
46	6.344723183596777e-02
47	6.326600468048946e-02
48	6.309056922606610e-02
49	6.292061274834690e-02
50	6.275584838584747e-02
51	6.259601246630181e-02
52	6.244086214927537e-02
53	6.229017334309820e-02
54	6.214373886036566e-02
55	6.200136678143212e-02
56	6.186287899967853e-02
57	6.172810992600242e-02
58	6.159690533308870e-02
59	6.146912132264895e-02
60	6.134462340106007e-02
61	6.122328565074544e-02
62	6.110498998627645e-02
63	6.098962548557495e-02
64	6.087708778780437e-02
65	6.076727855057700e-02
66	6.066010496000276e-02
67	6.055547928788214e-02
68	6.045331849102320e-02
69	6.035354384824831e-02
70	6.025608063116734e-02
71	6.016085780524355e-02
72	6.006780775806615e-02
73	5.997686605209002e-02
74	5.988797119940040e-02
75	5.980106445632882e-02
76	5.971608963597722e-02
77	5.963299293691467e-02
78	5.955172278649433e-02
79	5.947222969739710e-02
80	5.939446613615357e-02
81	5.931838640252348e-02
82	5.924394651872360e-02
83	5.917110412759537e-02
84	5.909981839889707e-02
85	5.903004994298035e-02
86	5.896176073118807e-02
87	5.889491402236972e-02
88	5.882947429497344e-02
89	5.876540718422066e-02
90	5.870267942391937e-02
91	5.864125879251177e-02
92	5.858111406299107e-02
93	5.852221495635525e-02
94	5.846453209829554e-02
95	5.840803697884740e-02
96	5.835270191475474e-02
97	5.829850001432023e-02
98	5.824540514453676e-02
99	5.819339190031260e-02
100	5.814243557562015e-02
101	5.809251213641101e-02
102	5.804359819515838e-02
103	5.799567098689557e-02
104	5.794870834663379e-02
105	5.790268868805146e-02
106	5.785759098335741e-02
107	5.781339474423720e-02
108	5.777008000380256e-02
109	5.772762729946758e-02
110	5.768601765668393e-02
111	5.764523257347318e-02
112	5.760525400569762e-02
113	5.756606435301902e-02
114	5.752764644549624e-02
115	5.748998353077805e-02
116	5.745305926185161e-02
117	5.741685768530866e-02
118	5.738136323009693e-02
119	5.734656069672472e-02
120	5.731243524689081e-02
121	5.727897239351365e-02
122	5.724615799113508e-02
123	5.721397822667709e-02
124	5.718241961053173e-02
125	5.715146896796436e-02
126	5.712111343081357e-02
127	5.709134042947242e-02
128	5.706213768513478e-02
129	5.703349320229500e-02
130	5.700539526148715e-02
131	5.697783241225240e-02
132	5.695079346632410e-02
133	5.692426749102036e-02
134	5.689824380283445e-02
135	5.687271196121561e-02
136	5.684766176253012e-02
137	5.682308323419740e-02
138	5.679896662899262e-02
139	5.677530241950951e-02
140	5.675208129277767e-02
141	5.672929414502827e-02
142	5.670693207660242e-02
143	5.668498638699816e-02
144	5.666344857004987e-02
145	5.664231030923621e-02
146	5.662156347311316e-02
147	5.660120011086564e-02
148	5.658121244797732e-02
149	5.656159288201158e-02
150	5.654233397850202e-02
151	5.652342846694932e-02
152	5.650486923691992e-02
153	5.648664933424476e-02
154	5.646876195731466e-02
155	5.645120045346945e-02
156	5.643395831547854e-02
157	5.641702917810981e-02
158	5.640040681478527e-02
159	5.638408513431970e-02
160	5.636805817774183e-02
161	5.635232011519432e-02
162	5.633686524291038e-02
163	5.632168798026678e-02
164	5.630678286690899e-02
165	5.629214455994802e-02
166	5.627776783122611e-02
167	5.626364756465101e-02
168	5.624977875359463e-02
169	5.623615649835697e-02
170	5.622277600369161e-02
171	5.620963257639274e-02
172	5.619672162294100e-02
173	5.618403864720702e-02
174	5.617157924821149e-02
175	5.615933911794033e-02
176	5.614731403921201e-02
177	5.613549988359895e-02
178	5.612389260939782e-02
179	5.611248825965026e-02
180	5.610128296021197e-02
181	5.609027291786828e-02
182	5.607945441849543e-02
183	5.606882382526732e-02
184	5.605837757690511e-02
185	5.604811218596893e-02
186	5.603802423719215e-02
187	5.602811038585495e-02
188	5.601836735619702e-02
189	5.600879193986988e-02
190	5.599938099442481e-02
191	5.599013144183862e-02
192	5.598104026707409e-02
193	5.597210451667517e-02
194	5.596332129739603e-02
195	5.595468777486293e-02
196	5.594620117226801e-02
197	5.593785876909453e-02
198	5.592965789987199e-02
199	5.592159595296197e-02
200	5.591367036937213e-02
201	5.590587864159800e-02
202	5.589821831249370e-02
203	5.589068697416803e-02
204	5.588328226690743e-02
205	5.587600187812458e-02
206	5.586884354133077e-02
207	5.586180503513445e-02
208	5.585488418226070e-02
209	5.584807884859662e-02
210	5.584138694225668e-02
211	5.583480641267174e-02
212	5.582833524969830e-02
213	5.582197148274910e-02
214	5.581571317994376e-02
215	5.580955844727947e-02
216	5.580350542782062e-02
217	5.579755230090754e-02
218	5.579169728138323e-02
219	5.578593861883843e-02
220	5.578027459687399e-02
221	5.577470353237962e-02
222	5.576922377483055e-02
223	5.576383370559898e-02
224	5.575853173728210e-02
225	5.575331631304529e-02
226	5.574818590598085e-02
227	5.574313901847999e-02
228	5.573817418162073e-02
229	5.573328995456876e-02
230	5.572848492399211e-02
231	5.572375770348918e-02
232	5.571910693302960e-02
233	5.571453127840789e-02
234	5.571002943070910e-02
235	5.570560010578660e-02
236	5.570124204375211e-02
237	5.569695400847621e-02
238	5.569273478710080e-02
239	5.568858318956191e-02
240	5.568449804812381e-02
241	5.568047821692269e-02
242	5.567652257152102e-02
243	5.567263000847164e-02
244	5.566879944489147e-02
245	5.566502981804465e-02
246	5.566132008493480e-02
247	5.565766922190636e-02
248	5.565407622425469e-02
249	5.565054010584452e-02
250	5.564705989873708e-02
251	5.564363465282515e-02
252	5.564026343547578e-02
253	5.563694533118169e-02
254	5.563367944121923e-02
255	5.563046488331418e-02
256	5.562730079131498e-02
257	5.562418631487287e-02
258	5.562112061912843e-02
259	5.561810288440598e-02
260	5.561513230591326e-02
261	5.561220809344856e-02
262	5.560932947111357e-02
263	5.560649567703252e-02
264	5.560370596307741e-02
265	5.560095959459876e-02
266	5.559825585016250e-02
267	5.559559402129237e-02
268	5.559297341221711e-02
269	5.559039333962426e-02
270	5.558785313241783e-02
271	5.558535213148193e-02
272	5.558288968944913e-02
273	5.558046517047356e-02
274	5.557807795000873e-02
275	5.557572741459052e-02
276	5.557341296162387e-02
277	5.557113399917459e-02
278	5.556888994576502e-02
279	5.556668023017455e-02
280	5.556450429124343e-02
281	5.556236157768150e-02
282	5.556025154788014e-02
283	5.555817366972852e-02
284	5.555612742043365e-02
285	5.555411228634383e-02
286	5.555212776277600e-02
287	5.555017335384653e-02
288	5.554824857230523e-02
289	5.554635293937336e-02
290	5.554448598458422e-02
291	5.554264724562744e-02
292	5.554083626819632e-02
293	5.553905260583807e-02
294	5.553729581980767e-02
295	5.553556547892369e-02
296	5.553386115942788e-02
297	5.553218244484762e-02
298	5.553052892586004e-02
299	5.552890020016037e-02
300	5.552729587233176e-02
301	5.552571555371816e-02
302	5.552415886229996e-02
303	5.552262542257167e-02
304	5.552111486542205e-02
305	5.551962682801720e-02
306	5.551816095368510e-02
307	5.551671689180337e-02
308	5.551529429768820e-02
309	5.551389283248667e-02
310	5.551251216306989e-02
311	5.551115196192950e-02
312	5.550981190707528e-02
313	5.550849168193517e-02
314	5.550719097525735e-02
315	5.550590948101350e-02
316	5.550464689830523e-02
317	5.550340293127139e-02
318	5.550217728899686e-02
319	5.550096968542442e-02
320	5.549977983926708e-02
321	5.549860747392288e-02
322	5.549745231739049e-02
323	5.549631410218808e-02
324	5.549519256527123e-02
325	5.549408744795510e-02
326	5.549299849583608e-02
327	5.549192545871610e-02
328	5.549086809052797e-02
329	5.548982614926172e-02
330	5.548879939689355e-02
331	5.548778759931480e-02
332	5.548679052626312e-02
333	5.548580795125452e-02
334	5.548483965151718e-02
335	5.548388540792577e-02
336	5.548294500493778e-02
337	5.548201823053088e-02
338	5.548110487614052e-02
339	5.548020473660046e-02
340	5.547931761008290e-02
341	5.547844329804027e-02
342	5.547758160514855e-02
343	5.547673233925059e-02
344	5.547589531130155e-02
345	5.547507033531505e-02
346	5.547425722830971e-02
347	5.547345581025769e-02
348	5.547266590403327e-02
349	5.547188733536310e-02
350	5.547111993277692e-02
351	5.547036352755938e-02
352	5.546961795370255e-02
353	5.546888304785981e-02
354	5.546815864929987e-02
355	5.546744459986221e-02
356	5.546674074391306e-02
357	5.546604692830234e-02
358	5.546536300232136e-02
359	5.546468881766094e-02
360	5.546402422837098e-02
361	5.546336909082011e-02
362	5.546272326365659e-02
363	5.546208660776956e-02
364	5.546145898625111e-02
365	5.546084026435884e-02
366	5.546023030948002e-02
367	5.545962899109485e-02
368	5.545903618074161e-02
369	5.545845175198209e-02
370	5.545787558036747e-02
371	5.545730754340489e-02
372	5.545674752052521e-02
373	5.545619539304984e-02
374	5.545565104416000e-02
375	5.545511435886527e-02
376	5.545458522397334e-02
377	5.545406352805961e-02
378	5.545354916143838e-02
379	5.545304201613353e-02
380	5.545254198585024e-02
381	5.545204896594727e-02
382	5.545156285340948e-02
383	5.545108354682081e-02
384	5.545061094633805e-02
385	5.545014495366488e-02
386	5.544968547202627e-02
387	5.544923240614354e-02
388	5.544878566220969e-02
389	5.544834514786522e-02
390	5.544791077217461e-02
391	5.544748244560248e-02
392	5.544706007999135e-02
393	5.544664358853849e-02
394	5.544623288577419e-02
395	5.544582788753999e-02
396	5.544542851096697e-02
397	5.544503467445527e-02
398	5.544464629765320e-02
399	5.544426330143683e-02
400	5.544388560789031e-02
401	5.544351314028627e-02
402	5.544314582306646e-02
403	5.544278358182297e-02
404	5.544242634327970e-02
405	5.544207403527388e-02
406	5.544172658673820e-02
407	5.544138392768352e-02
408	5.544104598918113e-02
409	5.544071270334572e-02
410	5.544038400331887e-02
411	5.544005982325267e-02
412	5.543974009829304e-02
413	5.543942476456452e-02
414	5.543911375915393e-02
415	5.543880702009570e-02
416	5.543850448635632e-02
417	5.543820609781934e-02
418	5.543791179527151e-02
419	5.543762152038767e-02
420	5.543733521571709e-02
421	5.543705282466939e-02
422	5.543677429150105e-02
423	5.543649956130191e-02
424	5.543622857998198e-02
425	5.543596129425872e-02
426	5.543569765164395e-02
427	5.543543760043164e-02
428	5.543518108968538e-02
429	5.543492806922626e-02
430	5.543467848962133e-02
431	5.543443230217130e-02
432	5.543418945889978e-02
433	5.543394991254104e-02
434	5.543371361652978e-02
435	5.543348052498963e-02
436	5.543325059272257e-02
437	5.543302377519832e-02
438	5.543280002854385e-02
439	5.543257930953339e-02
440	5.543236157557815e-02
441	5.543214678471631e-02
442	5.543193489560359e-02
443	5.543172586750374e-02
444	5.543151966027840e-02
445	5.543131623437866e-02
446	5.543111555083564e-02
447	5.543091757125144e-02
448	5.543072225779042e-02
449	5.543052957317049e-02
450	5.543033948065462e-02
451	5.543015194404248e-02
452	5.542996692766196e-02
453	5.542978439636137e-02
454	5.542960431550134e-02
455	5.542942665094684e-02
456	5.542925136905949e-02
457	5.542907843669025e-02
458	5.542890782117140e-02
459	5.542873949030967e-02
460	5.542857341237872e-02
461	5.542840955611222e-02
462	5.542824789069650e-02
463	5.542808838576414e-02
464	5.542793101138671e-02
465	5.542777573806852e-02
466	5.542762253673961e-02
467	5.542747137874972e-02
468	5.542732223586161e-02
469	5.542717508024503e-02
470	5.542702988447026e-02
471	5.542688662150251e-02
472	5.542674526469546e-02
473	5.542660578778588e-02
474	5.542646816488743e-02
475	5.542633237048512e-02
476	5.542619837942993e-02
477	5.542606616693310e-02
478	5.542593570856054e-02
479	5.542580698022812e-02
480	5.542567995819549e-02
481	5.542555461906205e-02
482	5.542543093976071e-02
483	5.542530889755396e-02
484	5.542518847002803e-02
485	5.542506963508867e-02
486	5.542495237095618e-02
487	5.542483665616064e-02
488	5.542472246953747e-02
489	5.542460979022260e-02
490	5.542449859764838e-02
491	5.542438887153892e-02
492	5.542428059190575e-02
493	5.542417373904367e-02
494	5.542406829352647e-02
495	5.542396423620290e-02
496	5.542386154819237e-02
497	5.542376021088129e-02
498	5.542366020591879e-02
499	5.542356151521312e-02
500	5.542346412092748e-02
501	5.542336800547668e-02
502	5.542327315152316e-02
503	5.542317954197332e-02
504	5.542308715997419e-02
505	5.542299598890950e-02
506	5.542290601239670e-02
507	5.542281721428294e-02
508	5.542272957864229e-02
509	5.542264308977207e-02
510	5.542255773218952e-02
511	5.542247349062884e-02
512	5.542239035003790e-02
513	5.542230829557508e-02
514	5.542222731260623e-02
515	5.542214738670163e-02
516	5.542206850363304e-02
517	5.542199064937070e-02
518	5.542191381008060e-02
519	5.542183797212140e-02
520	5.542176312204178e-02
521	5.542168924657782e-02
522	5.542161633264976e-02
523	5.542154436736008e-02
524	5.542147333799019e-02
525	5.542140323199814e-02
526	5.542133403701621e-02
527	5.542126574084803e-02
528	5.542119833146633e-02
529	5.542113179701057e-02
530	5.542106612578419e-02
531	5.542100130625274e-02
532	5.542093732704105e-02
533	5.542087417693146e-02
534	5.542081184486090e-02
535	5.542075031991932e-02
536	5.542068959134702e-02
537	5.542062964853280e-02
538	5.542057048101174e-02
539	5.542051207846270e-02
540	5.542045443070721e-02
541	5.542039752770633e-02
542	5.542034135955942e-02
543	5.542028591650189e-02
544	5.542023118890314e-02
545	5.542017716726499e-02
546	5.542012384221935e-02
547	5.542007120452680e-02
548	5.542001924507441e-02
549	5.541996795487414e-02
550	5.541991732506098e-02
551	5.541986734689124e-02
552	5.541981801174081e-02
553	5.541976931110362e-02
554	5.541972123658934e-02
555	5.541967377992264e-02
556	5.541962693294098e-02
557	5.541958068759315e-02
558	5.541953503593771e-02
559	5.541948997014151e-02
560	5.541944548247781e-02
561	5.541940156532529e-02
562	5.541935821116627e-02
563	5.541931541258516e-02
564	5.541927316226725e-02
565	5.541923145299726e-02
566	5.541919027765774e-02
567	5.541914962922781e-02
568	5.541910950078183e-02
569	5.541906988548823e-02
570	5.541903077660762e-02
571	5.541899216749225e-02
572	5.541895405158410e-02
573	5.541891642241402e-02
574	5.541887927360020e-02
575	5.541884259884711e-02
576	5.541880639194438e-02
577	5.541877064676540e-02
578	5.541873535726626e-02
579	5.541870051748450e-02
580	5.541866612153815e-02
581	5.541863216362438e-02
582	5.541859863801870e-02
583	5.541856553907352e-02
584	5.541853286121730e-02
585	5.541850059895335e-02
586	5.541846874685917e-02
587	5.541843729958465e-02
588	5.541840625185203e-02
589	5.541837559845399e-02
590	5.541834533425329e-02
591	5.541831545418160e-02
592	5.541828595323840e-02
593	5.541825682649026e-02
594	5.541822806906990e-02
595	5.541819967617505e-02
596	5.541817164306768e-02
597	5.541814396507327e-02
598	5.541811663757977e-02
599	5.541808965603665e-02
600	5.541806301595419e-02
601	5.541803671290264e-02
602	5.541801074251150e-02
603	5.541798510046821e-02
604	5.541795978251796e-02
605	5.541793478446266e-02
606	5.541791010216009e-02
607	5.541788573152302e-02
608	5.541786166851891e-02
609	5.541783790916859e-02
610	5.541781444954596e-02
611	5.541779128577716e-02
612	5.541776841403949e-02
613	5.541774583056137e-02
614	5.541772353162110e-02
615	5.541770151354636e-02
616	5.541767977271362e-02
617	5.541765830554720e-02
618	5.541763710851907e-02
619	5.541761617814769e-02
620	5.541759551099777e-02
621	5.541757510367937e-02
622	5.541755495284750e-02
623	5.541753505520138e-02
624	5.541751540748364e-02
625	5.541749600648031e-02
626	5.541747684901964e-02
627	5.541745793197175e-02
628	5.541743925224812e-02
629	5.541742080680102e-02
630	5.541740259262275e-02
631	5.541738460674531e-02
632	5.541736684623995e-02
633	5.541734930821629e-02
634	5.541733198982207e-02
635	5.541731488824243e-02
636	5.541729800069985e-02
637	5.541728132445310e-02
638	5.541726485679692e-02
639	5.541724859506171e-02
640	5.541723253661283e-02
641	5.541721667885047e-02
642	5.541720101920858e-02
643	5.541718555515500e-02
644	5.541717028419067e-02
645	5.541715520384939e-02
646	5.541714031169710e-02
647	5.541712560533174e-02
648	5.541711108238259e-02
649	5.541709674051018e-02
650	5.541708257740539e-02
651	5.541706859078934e-02
652	5.541705477841308e-02
653	5.541704113805684e-02
654	5.541702766752998e-02
655	5.541701436467050e-02
656	5.541700122734446e-02
657	5.541698825344580e-02
658	5.541697544089602e-02
659	5.541696278764364e-02
660	5.541695029166391e-02
661	5.541693795095853e-02
662	5.541692576355505e-02
663	5.541691372750687e-02
664	5.541690184089266e-02
665	5.541689010181609e-02
666	5.541687850840542e-02
667	5.541686705881328e-02
668	5.541685575121630e-02
669	5.541684458381481e-02
670	5.541683355483246e-02
671	5.541682266251606e-02
672	5.541681190513512e-02
673	5.541680128098136e-02
674	5.541679078836905e-02
675	5.541678042563399e-02
676	5.541677019113368e-02
677	5.541676008324688e-02
678	5.541675010037334e-02
679	5.541674024093342e-02
680	5.541673050336809e-02
681	5.541672088613832e-02
682	5.541671138772503e-02
683	5.541670200662886e-02
684	5.541669274136971e-02
685	5.541668359048652e-02
686	5.541667455253742e-02
687	5.541666562609866e-02
688	5.541665680976532e-02
689	5.541664810215027e-02
690	5.541663950188450e-02
691	5.541663100761649e-02
692	5.541662261801208e-02
693	5.541661433175453e-02
694	5.541660614754382e-02
695	5.541659806409679e-02
696	5.541659008014677e-02
697	5.541658219444326e-02
698	5.541657440575199e-02
699	5.541656671285451e-02
700	5.541655911454794e-02
701	5.541655160964505e-02
702	5.541654419697364e-02
703	5.541653687537661e-02
704	5.541652964371180e-02
705	5.541652250085154e-02
706	5.541651544568293e-02
707	5.541650847710684e-02
708	5.541650159403873e-02
709	5.541649479540757e-02
710	5.541648808015633e-02
711	5.541648144724132e-02
712	5.541647489563224e-02
713	5.541646842431210e-02
714	5.541646203227674e-02
715	5.541645571853486e-02
716	5.541644948210807e-02
717	5.541644332203009e-02
718	5.541643723734729e-02
719	5.541643122711822e-02
720	5.541642529041316e-02
721	5.541641942631451e-02
722	5.541641363391629e-02
723	5.541640791232413e-02
724	5.541640226065497e-02
725	5.541639667803704e-02
726	5.541639116360977e-02
727	5.541638571652330e-02
728	5.541638033593896e-02
729	5.541637502102843e-02
730	5.541636977097412e-02
731	5.541636458496872e-02
732	5.541635946221526e-02
733	5.541635440192686e-02
734	5.541634940332678e-02
735	5.541634446564778e-02
736	5.541633958813290e-02
737	5.541633477003435e-02
738	5.541633001061401e-02
739	5.541632530914319e-02
740	5.541632066490219e-02
741	5.541631607718080e-02
742	5.541631154527747e-02
743	5.541630706849975e-02
744	5.541630264616391e-02
745	5.541629827759488e-02
746	5.541629396212607e-02
747	5.541628969909953e-02
748	5.541628548786541e-02
749	5.541628132778215e-02
750	5.541627721821635e-02
751	5.541627315854270e-02
752	5.541626914814358e-02
753	5.541626518640913e-02
754	5.541626127273765e-02
755	5.541625740653463e-02
756	5.541625358721308e-02
757	5.541624981419357e-02
758	5.541624608690396e-02
759	5.541624240477920e-02
760	5.541623876726159e-02
761	5.541623517380029e-02
762	5.541623162385132e-02
763	5.541622811687777e-02
764	5.541622465234938e-02
765	5.541622122974253e-02
766	5.541621784854037e-02
767	5.541621450823236e-02
768	5.541621120831447e-02
769	5.541620794828890e-02
770	5.541620472766436e-02
771	5.541620154595552e-02
772	5.541619840268314e-02
773	5.541619529737415e-02
774	5.541619222956130e-02
775	5.541618919878330e-02
776	5.541618620458445e-02
777	5.541618324651511e-02
778	5.541618032413105e-02
779	5.541617743699358e-02
780	5.541617458466960e-02
781	5.541617176673149e-02
782	5.541616898275685e-02
783	5.541616623232866e-02
784	5.541616351503511e-02
785	5.541616083046960e-02
786	5.541615817823051e-02
787	5.541615555792129e-02
788	5.541615296915034e-02
789	5.541615041153110e-02
790	5.541614788468158e-02
791	5.541614538822477e-02
792	5.541614292178840e-02
793	5.541614048500459e-02
794	5.541613807751035e-02
795	5.541613569894703e-02
796	5.541613334896069e-02
797	5.541613102720146e-02
798	5.541612873332409e-02
799	5.541612646698754e-02
800	5.541612422785512e-02
801	5.541612201559426e-02
802	5.541611982987645e-02
803	5.541611767037749e-02
804	5.541611553677699e-02
805	5.541611342875875e-02
806	5.541611134601034e-02
807	5.541610928822343e-02
808	5.541610725509323e-02
809	5.541610524631900e-02
810	5.541610326160354e-02
811	5.541610130065362e-02
812	5.541609936317940e-02
813	5.541609744889460e-02
814	5.541609555751682e-02
815	5.541609368876689e-02
816	5.541609184236927e-02
817	5.541609001805155e-02
818	5.541608821554518e-02
819	5.541608643458437e-02
820	5.541608467490726e-02
821	5.541608293625471e-02
822	5.541608121837101e-02
823	5.541607952100368e-02
824	5.541607784390319e-02
825	5.541607618682328e-02
826	5.541607454952060e-02
827	5.541607293175493e-02
828	5.541607133328895e-02
829	5.541606975388830e-02
830	5.541606819332151e-02
831	5.541606665136005e-02
832	5.541606512777799e-02
833	5.541606362235250e-02
834	5.541606213486332e-02
835	5.541606066509293e-02
836	5.541605921282645e-02
837	5.541605777785188e-02
838	5.541605635995948e-02
839	5.541605495894255e-02
840	5.541605357459641e-02
841	5.541605220671940e-02
842	5.541605085511200e-02
843	5.541604951957734e-02
844	5.541604819992088e-02
845	5.541604689595057e-02
846	5.541604560747662e-02
847	5.541604433431171e-02
848	5.541604307627072e-02
849	5.541604183317077e-02
850	5.541604060483139e-02
851	5.541603939107421e-02
852	5.541603819172305e-02
853	5.541603700660405e-02
854	5.541603583554525e-02
855	5.541603467837699e-02
856	5.541603353493169e-02
857	5.541603240504364e-02
858	5.541603128854938e-02
859	5.541603018528740e-02
860	5.541602909509809e-02
861	5.541602801782394e-02
862	5.541602695330928e-02
863	5.541602590140025e-02
864	5.541602486194516e-02
865	5.541602383479388e-02
866	5.541602281979842e-02
867	5.541602181681229e-02
868	5.541602082569093e-02
869	5.541601984629171e-02
870	5.541601887847353e-02
871	5.541601792209710e-02
872	5.541601697702483e-02
873	5.541601604312082e-02
874	5.541601512025081e-02
875	5.541601420828220e-02
876	5.541601330708405e-02
877	5.541601241652699e-02
878	5.541601153648312e-02
879	5.541601066682635e-02
880	5.541600980743203e-02
881	5.541600895817671e-02
882	5.541600811893903e-02
883	5.541600728959874e-02
884	5.541600647003706e-02
885	5.541600566013689e-02
886	5.541600485978221e-02
887	5.541600406885869e-02
888	5.541600328725339e-02
889	5.541600251485455e-02
890	5.541600175155201e-02
891	5.541600099723673e-02
892	5.541600025180116e-02
893	5.541599951513902e-02
894	5.541599878714535e-02
895	5.541599806771635e-02
896	5.541599735674960e-02
897	5.541599665414396e-02
898	5.541599595979928e-02
899	5.541599527361697e-02
900	5.541599459549944e-02
901	5.541599392535022e-02
902	5.541599326307425e-02
903	5.541599260857743e-02
904	5.541599196176682e-02
905	5.541599132255073e-02
906	5.541599069083844e-02
907	5.541599006654038e-02
908	5.541598944956816e-02
909	5.541598883983443e-02
910	5.541598823725265e-02
911	5.541598764173771e-02
912	5.541598705320533e-02
913	5.541598647157231e-02
914	5.541598589675638e-02
915	5.541598532867634e-02
916	5.541598476725197e-02
917	5.541598421240396e-02
918	5.541598366405401e-02
919	5.541598312212487e-02
920	5.541598258654001e-02
921	5.541598205722403e-02
922	5.541598153410223e-02
923	5.541598101710105e-02
924	5.541598050614756e-02
925	5.541598000117005e-02
926	5.541597950209738e-02
927	5.541597900885940e-02
928	5.541597852138669e-02
929	5.541597803961094e-02
930	5.541597756346436e-02
931	5.541597709288017e-02
932	5.541597662779232e-02
933	5.541597616813546e-02
934	5.541597571384525e-02
935	5.541597526485801e-02
936	5.541597482111085e-02
937	5.541597438254158e-02
938	5.541597394908884e-02
939	5.541597352069198e-02
940	5.541597309729102e-02
941	5.541597267882679e-02
942	5.541597226524083e-02
943	5.541597185647532e-02
944	5.541597145247317e-02
945	5.541597105317804e-02
946	5.541597065853410e-02
947	5.541597026848646e-02
948	5.541596988298052e-02
949	5.541596950196273e-02
950	5.541596912537992e-02
951	5.541596875317972e-02
952	5.541596838531018e-02
953	5.541596802172022e-02
954	5.541596766235921e-02
955	5.541596730717721e-02
956	5.541596695612476e-02
957	5.541596660915318e-02
958	5.541596626621428e-02
959	5.541596592726046e-02
960	5.541596559224457e-02
961	5.541596526112025e-02
962	5.541596493384143e-02
963	5.541596461036292e-02
964	5.541596429063987e-02
965	5.541596397462788e-02
966	5.541596366228323e-02
967	5.541596335356280e-02
968	5.541596304842378e-02
969	5.541596274682391e-02
970	5.541596244872164e-02
971	5.541596215407576e-02
972	5.541596186284539e-02
973	5.541596157499049e-02
974	5.541596129047131e-02
975	5.541596100924852e-02
976	5.541596073128334e-02
977	5.541596045653754e-02
978	5.541596018497313e-02
979	5.541595991655278e-02
980	5.541595965123947e-02
981	5.541595938899672e-02
982	5.541595912978842e-02
983	5.541595887357892e-02
984	5.541595862033291e-02
985	5.541595837001578e-02
986	5.541595812259295e-02
987	5.541595787803049e-02
988	5.541595763629487e-02
989	5.541595739735281e-02
990	5.541595716117161e-02
991	5.541595692771890e-02
992	5.541595669696259e-02
993	5.541595646887106e-02
994	5.541595624341314e-02
995	5.541595602055788e-02
996	5.541595580027488e-02
997	5.541595558253393e-02
998	5.541595536730516e-02
999	5.541595515455927e-02
1000	5.541595494426712e-02
1001	5.541595473640003e-02
1002	5.541595453092957e-02
1003	5.541595432782762e-02
1004	5.541595412706662e-02
1005	5.541595392861900e-02
1006	5.541595373245788e-02
1007	5.541595353855636e-02
1008	5.541595334688809e-02
1009	5.541595315742695e-02
1010	5.541595297014711e-02
1011	5.541595278502313e-02
1012	5.541595260202981e-02
1013	5.541595242114226e-02
1014	5.541595224233582e-02
1015	5.541595206558624e-02
1016	5.541595189086947e-02
1017	5.541595171816183e-02
1018	5.541595154743983e-02
1019	5.541595137868030e-02
1020	5.541595121186035e-02
1021	5.541595104695743e-02
1022	5.541595088394896e-02
1023	5.541595072281316e-02
1024	5.541595056352792e-02
1025	5.541595040607186e-02
1026	5.541595025042353e-02
1027	5.541595009656196e-02
1028	5.541594994446629e-02
1029	5.541594979411597e-02
1030	5.541594964549058e-02
1031	5.541594949857018e-02
1032	5.541594935333490e-02
1033	5.541594920976496e-02
1034	5.541594906784125e-02
1035	5.541594892754445e-02
1036	5.541594878885561e-02
1037	5.541594865175607e-02
1038	5.541594851622739e-02
1039	5.541594838225129e-02
1040	5.541594824980962e-02
1041	5.541594811888470e-02
1042	5.541594798945883e-02
1043	5.541594786151458e-02
1044	5.541594773503480e-02
1045	5.541594761000244e-02
1046	5.541594748640068e-02
1047	5.541594736421297e-02
1048	5.541594724342282e-02
1049	5.541594712401404e-02
1050	5.541594700597070e-02
1051	5.541594688927677e-02
1052	5.541594677391674e-02
1053	5.541594665987512e-02
1054	5.541594654713665e-02
1055	5.541594643568611e-02
1056	5.541594632550868e-02
1057	5.541594621658959e-02
1058	5.541594610891418e-02
1059	5.541594600246817e-02
1060	5.541594589723726e-02
1061	5.541594579320737e-02
1062	5.541594569036454e-02
1063	5.541594558869517e-02
1064	5.541594548818561e-02
1065	5.541594538882239e-02
1066	5.541594529059225e-02
1067	5.541594519348218e-02
1068	5.541594509747923e-02
1069	5.541594500257040e-02
1070	5.541594490874328e-02
1071	5.541594481598529e-02
1072	5.541594472428395e-02
1073	5.541594463362723e-02
1074	5.541594454400299e-02
1075	5.541594445539925e-02
1076	5.541594436780431e-02
1077	5.541594428120645e-02
1078	5.541594419559422e-02
1079	5.541594411095627e-02
1080	5.541594402728124e-02
1081	5.541594394455809e-02
1082	5.541594386277587e-02
1083	5.541594378192362e-02
1084	5.541594370199081e-02
1085	5.541594362296661e-02
1086	5.541594354484067e-02
1087	5.541594346760263e-02
1088	5.541594339124224e-02
1089	5.541594331574944e-02
1090	5.541594324111412e-02
1091	5.541594316732649e-02
1092	5.541594309437674e-02
1093	5.541594302225529e-02
1094	5.541594295095262e-02
1095	5.541594288045919e-02
1096	5.541594281076580e-02
1097	5.541594274186314e-02
1098	5.541594267374222e-02
1099	5.541594260639393e-02
1100	5.541594253980951e-02
1101	5.541594247398013e-02
1102	5.541594240889709e-02
1103	5.541594234455180e-02
1104	5.541594228093578e-02
1105	5.541594221804076e-02
1106	5.541594215585832e-02
1107	5.541594209438035e-02
1108	5.541594203359872e-02
1109	5.541594197350541e-02
1110	5.541594191409260e-02
1111	5.541594185535241e-02
1112	5.541594179727717e-02
1113	5.541594173985920e-02
1114	5.541594168309109e-02
1115	5.541594162696517e-02
1116	5.541594157147429e-02
1117	5.541594151661102e-02
1118	5.541594146236822e-02
1119	5.541594140873875e-02
1120	5.541594135571563e-02
1121	5.541594130329186e-02
1122	5.541594125146061e-02
1123	5.541594120021508e-02
1124	5.541594114954856e-02
1125	5.541594109945441e-02
1126	5.541594104992616e-02
1127	5.541594100095720e-02
1128	5.541594095254120e-02
1129	5.541594090467180e-02
1130	5.541594085734278e-02
1131	5.541594081054807e-02
1132	5.541594076428127e-02
1133	5.541594071853655e-02
1134	5.541594067330791e-02
1135	5.541594062858946e-02
1136	5.541594058437535e-02
1137	5.541594054065978e-02
1138	5.541594049743713e-02
1139	5.541594045470169e-02
1140	5.541594041244799e-02
1141	5.541594037067039e-02
1142	5.541594032936360e-02
1143	5.541594028852215e-02
1144	5.541594024814078e-02
1145	5.541594020821424e-02
1146	5.541594016873731e-02
1147	5.541594012970478e-02
1148	5.541594009111174e-02
1149	5.541594005295310e-02
1150	5.541594001522389e-02
1151	5.541593997791924e-02
1152	5.541593994103433e-02
1153	5.541593990456438e-02
1154	5.541593986850456e-02
1155	5.541593983285033e-02
1156	5.541593979759700e-02
1157	5.541593976273998e-02
1158	5.541593972827479e-02
1159	5.541593969419703e-02
1160	5.541593966050215e-02
1161	5.541593962718591e-02
1162	5.541593959424398e-02
1163	5.541593956167205e-02
1164	5.541593952946595e-02
1165	5.541593949762152e-02
1166	5.541593946613463e-02
1167	5.541593943500120e-02
1168	5.541593940421725e-02
1169	5.541593937377873e-02
1170	5.541593934368184e-02
1171	5.541593931392264e-02
1172	5.541593928449725e-02
1173	5.541593925540188e-02
1174	5.541593922663280e-02
1175	5.541593919818642e-02
1176	5.541593917005889e-02
1177	5.541593914224667e-02
1178	5.541593911474625e-02
1179	5.541593908755392e-02
1180	5.541593906066633e-02
1181	5.541593903407999e-02
1182	5.541593900779146e-02
1183	5.541593898179739e-02
1184	5.541593895609438e-02
1185	5.541593893067921e-02
1186	5.541593890554859e-02
1187	5.541593888069923e-02
1188	5.541593885612803e-02
1189	5.541593883183180e-02
1190	5.541593880780740e-02
1191	5.541593878405182e-02
1192	5.541593876056192e-02
1193	5.541593873733474e-02
1194	5.541593871436741e-02
1195	5.541593869165674e-02
1196	5.541593866920005e-02
1197	5.541593864699442e-02
1198	5.541593862503694e-02
1199	5.541593860332484e-02
1200	5.541593858185530e-02
1201	5.541593856062565e-02
1202	5.541593853963316e-02
1203	5.541593851887512e-02
1204	5.541593849834892e-02
1205	5.541593847805183e-02
1206	5.541593845798137e-02
1207	5.541593843813503e-02
1208	5.541593841851012e-02
1209	5.541593839910427e-02
1210	5.541593837991494e-02
1211	5.541593836093966e-02
1212	5.541593834217606e-02
1213	5.541593832362172e-02
1214	5.541593830527435e-02
1215	5.541593828713149e-02
1216	5.541593826919100e-02
1217	5.541593825145043e-02
1218	5.541593823390757e-02
1219	5.541593821656034e-02
1220	5.541593819940625e-02
1221	5.541593818244345e-02
1222	5.541593816566948e-02
1223	5.541593814908241e-02
1224	5.541593813267998e-02
1225	5.541593811646024e-02
1226	5.541593810042111e-02
1227	5.541593808456052e-02
1228	5.541593806887650e-02
1229	5.541593805336700e-02
1230	5.541593803803009e-02
1231	5.541593802286383e-02
1232	5.541593800786627e-02
1233	5.541593799303556e-02
1234	5.541593797836982e-02
1235	5.541593796386712e-02
1236	5.541593794952566e-02
1237	5.541593793534365e-02
1238	5.541593792131932e-02
1239	5.541593790745086e-02
1240	5.541593789373651e-02
1241	5.541593788017458e-02
1242	5.541593786676331e-02
1243	5.541593785350098e-02
1244	5.541593784038606e-02
1245	5.541593782741663e-02
1246	5.541593781459137e-02
1247	5.541593780190842e-02
1248	5.541593778936625e-02
1249	5.541593777696335e-02
1250	5.541593776469808e-02
1251	5.541593775256892e-02
1252	5.541593774057441e-02
1253	5.541593772871284e-02
1254	5.541593771698297e-02
1255	5.541593770538313e-02
1256	5.541593769391190e-02
1257	5.541593768256797e-02
1258	5.541593767134970e-02
1259	5.541593766025587e-02
1260	5.541593764928498e-02
1261	5.541593763843566e-02
1262	5.541593762770658e-02
1263	5.541593761709639e-02
1264	5.541593760660374e-02
1265	5.541593759622731e-02
1266	5.541593758596578e-02
1267	5.541593757581792e-02
1268	5.541593756578245e-02
1269	5.541593755585807e-02
1270	5.541593754604351e-02
1271	5.541593753633763e-02
1272	5.541593752673914e-02
1273	5.541593751724691e-02
1274	5.541593750785970e-02
1275	5.541593749857623e-02
1276	5.541593748939549e-02
1277	5.541593748031642e-02
1278	5.541593747133763e-02
1279	5.541593746245820e-02
1280	5.541593745367690e-02
1281	5.541593744499265e-02
1282	5.541593743640447e-02
1283	5.541593742791116e-02
1284	5.541593741951170e-02
1285	5.541593741120503e-02
1286	5.541593740299015e-02
1287	5.541593739486602e-02
1288	5.541593738683164e-02
1289	5.541593737888603e-02
1290	5.541593737102806e-02
1291	5.541593736325687e-02
1292	5.541593735557152e-02
1293	5.541593734797097e-02
1294	5.541593734045432e-02
1295	5.541593733302061e-02
1296	5.541593732566896e-02
1297	5.541593731839840e-02
1298	5.541593731120805e-02
1299	5.541593730409700e-02
1300	5.541593729706432e-02
1301	5.541593729010930e-02
1302	5.541593728323092e-02
1303	5.541593727642836e-02
1304	5.541593726970079e-02
1305	5.541593726304740e-02
1306	5.541593725646731e-02
1307	5.541593724995977e-02
1308	5.541593724352391e-02
1309	5.541593723715897e-02
1310	5.541593723086408e-02
1311	5.541593722463860e-02
1312	5.541593721848165e-02
1313	5.541593721239247e-02
1314	5.541593720637039e-02
1315	5.541593720041462e-02
1316	5.541593719452437e-02
1317	5.541593718869892e-02
1318	5.541593718293769e-02
1319	5.541593717723975e-02
1320	5.541593717160456e-02
1321	5.541593716603131e-02
1322	5.541593716051939e-02
1323	5.541593715506808e-02
1324	5.541593714967673e-02
1325	5.541593714434473e-02
1326	5.541593713907129e-02
1327	5.541593713385586e-02
1328	5.541593712869776e-02
1329	5.541593712359630e-02
1330	5.541593711855093e-02
1331	5.541593711356103e-02
1332	5.541593710862595e-02
1333	5.541593710374502e-02
1334	5.541593709891782e-02
1335	5.541593709414358e-02
1336	5.541593708942172e-02
1337	5.541593708475176e-02
1338	5.541593708013308e-02
1339	5.541593707556509e-02
1340	5.541593707104727e-02
1341	5.541593706657902e-02
1342	5.541593706215978e-02
1343	5.541593705778911e-02
1344	5.541593705346634e-02
1345	5.541593704919096e-02
1346	5.541593704496252e-02
1347	5.541593704078047e-02
1348	5.541593703664434e-02
1349	5.541593703255350e-02
1350	5.541593702850752e-02
1351	5.541593702450585e-02
1352	5.541593702054813e-02
1353	5.541593701663381e-02
1354	5.541593701276228e-02
1355	5.541593700893326e-02
1356	5.541593700514616e-02
1357	5.541593700140056e-02
1358	5.541593699769602e-02
1359	5.541593699403199e-02
1360	5.541593699040814e-02
1361	5.541593698682401e-02
1362	5.541593698327905e-02
1363	5.541593697977297e-02
1364	5.541593697630524e-02
1365	5.541593697287543e-02
1366	5.541593696948324e-02
1367	5.541593696612811e-02
1368	5.541593696280975e-02
1369	5.541593695952768e-02
1370	5.541593695628148e-02
1371	5.541593695307083e-02
1372	5.541593694989531e-02
1373	5.541593694675451e-02
1374	5.541593694364805e-02
1375	5.541593694057557e-02
1376	5.541593693753666e-02
1377	5.541593693453101e-02
1378	5.541593693155816e-02
1379	5.541593692861779e-02
1380	5.541593692570963e-02
1381	5.541593692283316e-02
1382	5.541593691998820e-02
1383	5.541593691717431e-02
1384	5.541593691439108e-02
1385	5.541593691163837e-02
1386	5.541593690891573e-02
1387	5.541593690622267e-02
1388	5.541593690355916e-02
1389	5.541593690092467e-02
1390	5.541593689831892e-02
1391	5.541593689574164e-02
1392	5.541593689319252e-02
1393	5.541593689067121e-02
1394	5.541593688817738e-02
1395	5.541593688571077e-02
1396	5.541593688327104e-02
1397	5.541593688085798e-02
1398	5.541593687847129e-02
1399	5.541593687611049e-02
1400	5.541593687377556e-02
1401	5.541593687146605e-02
1402	5.541593686918164e-02
1403	5.541593686692226e-02
1404	5.541593686468746e-02
1405	5.541593686247698e-02
1406	5.541593686029070e-02
1407	5.541593685812815e-02
1408	5.541593685598917e-02
1409	5.541593685387357e-02
1410	5.541593685178095e-02
1411	5.541593684971115e-02
1412	5.541593684766388e-02
1413	5.541593684563891e-02
1414	5.541593684363601e-02
1415	5.541593684165488e-02
1416	5.541593683969533e-02
1417	5.541593683775717e-02
1418	5.541593683584005e-02
1419	5.541593683394376e-02
1420	5.541593683206818e-02
1421	5.541593683021296e-02
1422	5.541593682837798e-02
1423	5.541593682656296e-02
1424	5.541593682476766e-02
1425	5.541593682299190e-02
1426	5.541593682123544e-02
1427	5.541593681949811e-02
1428	5.541593681777966e-02
1429	5.541593681607981e-02
1430	5.541593681439855e-02
1431	5.541593681273555e-02
1432	5.541593681109065e-02
1433	5.541593680946358e-02
1434	5.541593680785420e-02
1435	5.541593680626232e-02
1436	5.541593680468769e-02
1437	5.541593680313026e-02
1438	5.541593680158968e-02
1439	5.541593680006592e-02
1440	5.541593679855863e-02
1441	5.541593679706765e-02
1442	5.541593679559298e-02
1443	5.541593679413427e-02
1444	5.541593679269145e-02
1445	5.541593679126430e-02
1446	5.541593678985255e-02
1447	5.541593678845616e-02
1448	5.541593678707490e-02
1449	5.541593678570866e-02
1450	5.541593678435723e-02
1451	5.541593678302051e-02
1452	5.541593678169831e-02
1453	5.541593678039045e-02
1454	5.541593677909663e-02
1455	5.541593677781698e-02
1456	5.541593677655120e-02
1457	5.541593677529912e-02
1458	5.541593677406059e-02
1459	5.541593677283549e-02
1460	5.541593677162372e-02
1461	5.541593677042508e-02
1462	5.541593676923937e-02
1463	5.541593676806657e-02
1464	5.541593676690648e-02
1465	5.541593676575894e-02
1466	5.541593676462382e-02
1467	5.541593676350103e-02
1468	5.541593676239046e-02
1469	5.541593676129179e-02
1470	5.541593676020506e-02
1471	5.541593675913013e-02
1472	5.541593675806684e-02
1473	5.541593675701505e-02
1474	5.541593675597462e-02
1475	5.541593675494552e-02
1476	5.541593675392753e-02
1477	5.541593675292050e-02
1478	5.541593675192439e-02
1479	5.541593675093912e-02
1480	5.541593674996451e-02
1481	5.541593674900037e-02
1482	5.541593674804674e-02
1483	5.541593674710341e-02
1484	5.541593674617027e-02
1485	5.541593674524718e-02
1486	5.541593674433408e-02
1487	5.541593674343093e-02
1488	5.541593674253746e-02
1489	5.541593674165374e-02
1490	5.541593674077948e-02
1491	5.541593673991471e-02
1492	5.541593673905935e-02
1493	5.541593673821309e-02
1494	5.541593673737609e-02
1495	5.541593673654810e-02
1496	5.541593673572906e-02
1497	5.541593673491889e-02
1498	5.541593673411745e-02
1499	5.541593673332465e-02
1500	5.541593673254048e-02
1501	5.541593673176470e-02
1502	5.541593673099732e-02
1503	5.541593673023826e-02
1504	5.541593672948732e-02
1505	5.541593672874456e-02
1506	5.541593672800983e-02
1507	5.541593672728300e-02
1508	5.541593672656397e-02
1509	5.541593672585279e-02
1510	5.541593672514927e-02
1511	5.541593672445327e-02
1512	5.541593672376478e-02
1513	5.541593672308378e-02
1514	5.541593672241012e-02
1515	5.541593672174370e-02
1516	5.541593672108450e-02
1517	5.541593672043239e-02
1518	5.541593671978735e-02
1519	5.541593671914924e-02
1520	5.541593671851791e-02
1521	5.541593671789352e-02
1522	5.541593671727582e-02
1523	5.541593671666478e-02
1524	5.541593671606031e-02
1525	5.541593671546237e-02
1526	5.541593671487081e-02
1527	5.541593671428573e-02
1528	5.541593671370695e-02
1529	5.541593671313436e-02
1530	5.541593671256791e-02
1531	5.541593671200758e-02
1532	5.541593671145333e-02
1533	5.541593671090507e-02
1534	5.541593671036255e-02
1535	5.541593670982603e-02
1536	5.541593670929523e-02
1537	5.541593670877025e-02
1538	5.541593670825082e-02
1539	5.541593670773695e-02
1540	5.541593670722864e-02
1541	5.541593670672582e-02
1542	5.541593670622841e-02
1543	5.541593670573638e-02
1544	5.541593670524955e-02
1545	5.541593670476808e-02
1546	5.541593670429171e-02
1547	5.541593670382050e-02
1548	5.541593670335433e-02
1549	5.541593670289320e-02
1550	5.541593670243698e-02
1551	5.541593670198575e-02
1552	5.541593670153933e-02
1553	5.541593670109767e-02
1554	5.541593670066080e-02
1555	5.541593670022865e-02
1556	5.541593669980109e-02
1557	5.541593669937819e-02
1558	5.541593669895982e-02
1559	5.541593669854586e-02
1560	5.541593669813648e-02
1561	5.541593669773143e-02
1562	5.541593669733071e-02
1563	5.541593669693433e-02
1564	5.541593669654223e-02
1565	5.541593669615429e-02
1566	5.541593669577057e-02
1567	5.541593669539095e-02
1568	5.541593669501540e-02
1569	5.541593669464387e-02
1570	5.541593669427638e-02
1571	5.541593669391277e-02
1572	5.541593669355308e-02
1573	5.541593669319733e-02
1574	5.541593669284527e-02
1575	5.541593669249705e-02
1576	5.541593669215263e-02
1577	5.541593669181177e-02
1578	5.541593669147467e-02
1579	5.541593669114112e-02
1580	5.541593669081121e-02
1581	5.541593669048485e-02
1582	5.541593669016197e-02
1583	5.541593668984254e-02
1584	5.541593668952649e-02
1585	5.541593668921387e-02
1586	5.541593668890463e-02
1587	5.541593668859873e-02
1588	5.541593668829610e-02
1589	5.541593668799663e-02
1590	5.541593668770046e-02
1591	5.541593668740741e-02
1592	5.541593668711752e-02
1593	5.541593668683070e-02
1594	5.541593668654710e-02
1595	5.541593668626640e-02
1596	5.541593668598872e-02
1597	5.541593668571400e-02
1598	5.541593668544229e-02
1599	5.541593668517343e-02
1600	5.541593668490751e-02
1601	5.541593668464441e-02
1602	5.541593668438410e-02
1603	5.541593668412666e-02
1604	5.541593668387189e-02
1605	5.541593668361992e-02
1606	5.541593668337051e-02
1607	5.541593668312392e-02
1608	5.541593668287993e-02
1609	5.541593668263858e-02
1610	5.541593668239973e-02
1611	5.541593668216346e-02
1612	5.541593668192978e-02
1613	5.541593668169856e-02
1614	5.541593668146982e-02
1615	5.541593668124352e-02
1616	5.541593668101964e-02
1617	5.541593668079817e-02
1618	5.541593668057905e-02
1619	5.541593668036232e-02
1620	5.541593668014786e-02
1621	5.541593667993573e-02
1622	5.541593667972580e-02
1623	5.541593667951819e-02
1624	5.541593667931279e-02
1625	5.541593667910956e-02
1626	5.541593667890851e-02
1627	5.541593667870962e-02
1628	5.541593667851288e-02
1629	5.541593667831812e-02
1630	5.541593667812560e-02
1631	5.541593667793510e-02
1632	5.541593667774658e-02
1633	5.541593667756012e-02
1634	5.541593667737564e-02
1635	5.541593667719305e-02
1636	5.541593667701253e-02
1637	5.541593667683389e-02
1638	5.541593667665712e-02
1639	5.541593667648236e-02
1640	5.541593667630937e-02
1641	5.541593667613823e-02
1642	5.541593667596897e-02
1643	5.541593667580144e-02
1644	5.541593667563578e-02
1645	5.541593667547189e-02
1646	5.541593667530970e-02
1647	5.541593667514925e-02
1648	5.541593667499048e-02
1649	5.541593667483344e-02
1650	5.541593667467809e-02
1651	5.541593667452439e-02
1652	5.541593667437233e-02
1653	5.541593667422184e-02
1654	5.541593667407305e-02
1655	5.541593667392582e-02
1656	5.541593667378015e-02
1657	5.541593667363602e-02
1658	5.541593667349346e-02
1659	5.541593667335241e-02
1660	5.541593667321280e-02
1661	5.541593667307475e-02
1662	5.541593667293816e-02
1663	5.541593667280301e-02
1664	5.541593667266934e-02
1665	5.541593667253706e-02
1666	5.541593667240619e-02
1667	5.541593667227668e-02
1668	5.541593667214862e-02
1669	5.541593667202196e-02
1670	5.541593667189657e-02
1671	5.541593667177253e-02
1672	5.541593667164979e-02
1673	5.541593667152839e-02
1674	5.541593667140830e-02
1675	5.541593667128948e-02
1676	5.541593667117189e-02
1677	5.541593667105563e-02
1678	5.541593667094054e-02
1679	5.541593667082668e-02
1680	5.541593667071408e-02
1681	5.541593667060260e-02
1682	5.541593667049236e-02
1683	5.541593667038330e-02
1684	5.541593667027538e-02
1685	5.541593667016861e-02
1686	5.541593667006299e-02
1687	5.541593666995852e-02
1688	5.541593666985506e-02
1689	5.541593666975284e-02
1690	5.541593666965170e-02
1691	5.541593666955150e-02
1692	5.541593666945251e-02
1693	5.541593666935451e-02
1694	5.541593666925756e-02
1695	5.541593666916163e-02
1696	5.541593666906666e-02
1697	5.541593666897274e-02
1698	5.541593666887991e-02
1699	5.541593666878801e-02
1700	5.541593666869710e-02
1701	5.541593666860713e-02
1702	5.541593666851810e-02
1703	5.541593666843006e-02
1704	5.541593666834293e-02
1705	5.541593666825677e-02
1706	5.541593666817143e-02
1707	5.541593666808708e-02
1708	5.541593666800362e-02
1709	5.541593666792111e-02
1710	5.541593666783935e-02
1711	5.541593666775849e-02
1712	5.541593666767847e-02
1713	5.541593666759938e-02
1714	5.541593666752112e-02
1715	5.541593666744367e-02
1716	5.541593666736703e-02
1717	5.541593666729121e-02
1718	5.541593666721614e-02
1719	5.541593666714194e-02
1720	5.541593666706855e-02
1721	5.541593666699592e-02
1722	5.541593666692401e-02
1723	5.541593666685291e-02
1724	5.541593666678257e-02
1725	5.541593666671293e-02
1726	5.541593666664409e-02
1727	5.541593666657595e-02
1728	5.541593666650853e-02
1729	5.541593666644187e-02
1730	5.541593666637594e-02
1731	5.541593666631053e-02
1732	5.541593666624600e-02
1733	5.541593666618208e-02
1734	5.541593666611884e-02
1735	5.541593666605628e-02
1736	5.541593666599440e-02
1737	5.541593666593311e-02
1738	5.541593666587256e-02
1739	5.541593666581264e-02
1740	5.541593666575334e-02
1741	5.541593666569464e-02
1742	5.541593666563657e-02
1743	5.541593666557917e-02
1744	5.541593666552230e-02
1745	5.541593666546603e-02
1746	5.541593666541046e-02
1747	5.541593666535542e-02
1748	5.541593666530095e-02
1749	5.541593666524704e-02
1750	5.541593666519377e-02
1751	5.541593666514102e-02
1752	5.541593666508884e-02
1753	5.541593666503720e-02
1754	5.541593666498613e-02
1755	5.541593666493562e-02
1756	5.541593666488558e-02
1757	5.541593666483609e-02
1758	5.541593666478715e-02
1759	5.541593666473872e-02
1760	5.541593666469076e-02
1761	5.541593666464341e-02
1762	5.541593666459657e-02
1763	5.541593666455016e-02
1764	5.541593666450415e-02
1765	5.541593666445872e-02
1766	5.541593666441384e-02
1767	5.541593666436935e-02
1768	5.541593666432533e-02
1769	5.541593666428180e-02
1770	5.541593666423876e-02
1771	5.541593666419610e-02
1772	5.541593666415391e-02
1773	5.541593666411222e-02
1774	5.541593666407091e-02
1775	5.541593666403007e-02
1776	5.541593666398965e-02
1777	5.541593666394970e-02
1778	5.541593666391011e-02
1779	5.541593666387101e-02
1780	5.541593666383225e-02
1781	5.541593666379399e-02
1782	5.541593666375609e-02
1783	5.541593666371857e-02
1784	5.541593666368147e-02
1785	5.541593666364471e-02
1786	5.541593666360842e-02
1787	5.541593666357242e-02
1788	5.541593666353688e-02
1789	5.541593666350177e-02
1790	5.541593666346688e-02
1791	5.541593666343247e-02
1792	5.541593666339840e-02
1793	5.541593666336463e-02
1794	5.541593666333133e-02
1795	5.541593666329828e-02
1796	5.541593666326566e-02
1797	5.541593666323329e-02
1798	5.541593666320132e-02
1799	5.541593666316971e-02
1800	5.541593666313846e-02
1801	5.541593666310747e-02
1802	5.541593666307680e-02
1803	5.541593666304646e-02
1804	5.541593666301645e-02
1805	5.541593666298682e-02
1806	5.541593666295744e-02
1807	5.541593666292836e-02
1808	5.541593666289966e-02
1809	5.541593666287120e-02
1810	5.541593666284302e-02
1811	5.541593666281520e-02
1812	5.541593666278766e-02
1813	5.541593666276037e-02
1814	5.541593666273338e-02
1815	5.541593666270667e-02
1816	5.541593666268026e-02
1817	5.541593666265417e-02
1818	5.541593666262831e-02
1819	5.541593666260276e-02
1820	5.541593666257746e-02
1821	5.541593666255241e-02
1822	5.541593666252763e-02
1823	5.541593666250310e-02
1824	5.541593666247883e-02
1825	5.541593666245485e-02
1826	5.541593666243116e-02
1827	5.541593666240764e-02
1828	5.541593666238438e-02
1829	5.541593666236139e-02
1830	5.541593666233860e-02
1831	5.541593666231613e-02
1832	5.541593666229381e-02
1833	5.541593666227181e-02
1834	5.541593666224998e-02
1835	5.541593666222841e-02
1836	5.541593666220711e-02
1837	5.541593666218594e-02
1838	5.541593666216503e-02
1839	5.541593666214431e-02
1840	5.541593666212387e-02
1841	5.541593666210357e-02
1842	5.541593666208357e-02
1843	5.541593666206376e-02
1844	5.541593666204414e-02
1845	5.541593666202474e-02
1846	5.541593666200555e-02
1847	5.541593666198653e-02
1848	5.541593666196772e-02
1849	5.541593666194913e-02
1850	5.541593666193072e-02
1851	5.541593666191252e-02
1852	5.541593666189444e-02
1853	5.541593666187669e-02
1854	5.541593666185901e-02
1855	5.541593666184152e-02
1856	5.541593666182430e-02
1857	5.541593666180721e-02
1858	5.541593666179029e-02
1859	5.541593666177352e-02
1860	5.541593666175701e-02
1861	5.541593666174061e-02
1862	5.541593666172446e-02
1863	5.541593666170839e-02
1864	5.541593666169250e-02
1865	5.541593666167684e-02
1866	5.541593666166129e-02
1867	5.541593666164590e-02
1868	5.541593666163071e-02
1869	5.541593666161565e-02
1870	5.541593666160082e-02
1871	5.541593666158604e-02
1872	5.541593666157147e-02
1873	5.541593666155707e-02
1874	5.541593666154278e-02
1875	5.541593666152864e-02
1876	5.541593666151469e-02
1877	5.541593666150088e-02
1878	5.541593666148718e-02
1879	5.541593666147365e-02
1880	5.541593666146024e-02
1881	5.541593666144704e-02
1882	5.541593666143386e-02
1883	5.541593666142094e-02
1884	5.541593666140811e-02
1885	5.541593666139542e-02
1886	5.541593666138278e-02
1887	5.541593666137040e-02
1888	5.541593666135804e-02
1889	5.541593666134588e-02
1890	5.541593666133386e-02
1891	5.541593666132193e-02
1892	5.541593666131010e-02
1893	5.541593666129849e-02
1894	5.541593666128691e-02
1895	5.541593666127553e-02
1896	5.541593666126420e-02
1897	5.541593666125302e-02
1898	5.541593666124202e-02
1899	5.541593666123094e-02
1900	5.541593666122016e-02
1901	5.541593666120941e-02
1902	5.541593666119884e-02
1903	5.541593666118837e-02
1904	5.541593666117797e-02
1905	5.541593666116771e-02
1906	5.541593666115747e-02
1907	5.541593666114741e-02
1908	5.541593666113747e-02
1909	5.541593666112756e-02
1910	5.541593666111784e-02
1911	5.541593666110822e-02
1912	5.541593666109869e-02
1913	5.541593666108923e-02
1914	5.541593666107984e-02
1915	5.541593666107067e-02
1916	5.541593666106152e-02
1917	5.541593666105239e-02
1918	5.541593666104348e-02
1919	5.541593666103459e-02
1920	5.541593666102586e-02
1921	5.541593666101715e-02
1922	5.541593666100859e-02
1923	5.541593666100005e-02
1924	5.541593666099170e-02
1925	5.541593666098335e-02
1926	5.541593666097513e-02
1927	5.541593666096693e-02
1928	5.541593666095888e-02
1929	5.541593666095093e-02
1930	5.541593666094306e-02
1931	5.541593666093526e-02
1932	5.541593666092749e-02
1933	5.541593666091990e-02
1934	5.541593666091234e-02
1935	5.541593666090484e-02
1936	5.541593666089742e-02
1937	5.541593666089008e-02
1938	5.541593666088284e-02
1939	5.541593666087566e-02
1940	5.541593666086857e-02
1941	5.541593666086157e-02
1942	5.541593666085452e-02
1943	5.541593666084774e-02
1944	5.541593666084095e-02
1945	5.541593666083416e-02
1946	5.541593666082750e-02
1947	5.541593666082092e-02
1948	5.541593666081442e-02
1949	5.541593666080796e-02
1950	5.541593666080158e-02
1951	5.541593666079527e-02
1952	5.541593666078899e-02
1953	5.541593666078283e-02
1954	5.541593666077665e-02
1955	5.541593666077056e-02
1956	5.541593666076465e-02
1957	5.541593666075868e-02
1958	5.541593666075280e-02
1959	5.541593666074700e-02
1960	5.541593666074125e-02
1961	5.541593666073558e-02
1962	5.541593666072990e-02
1963	5.541593666072440e-02
1964	5.541593666071890e-02
1965	5.541593666071339e-02
1966	5.541593666070795e-02
1967	5.541593666070270e-02
1968	5.541593666069738e-02
1969	5.541593666069215e-02
1970	5.541593666068698e-02
1971	5.541593666068183e-02
1972	5.541593666067680e-02
1973	5.541593666067175e-02
1974	5.541593666066680e-02
1975	5.541593666066193e-02
1976	5.541593666065704e-02
1977	5.541593666065231e-02
1978	5.541593666064749e-02
1979	5.541593666064280e-02
1980	5.541593666063817e-02
1981	5.541593666063356e-02
1982	5.541593666062897e-02
1983	5.541593666062445e-02
1984	5.541593666062002e-02
1985	5.541593666061555e-02
1986	5.541593666061125e-02
1987	5.541593666060693e-02
1988	5.541593666060267e-02
1989	5.541593666059844e-02
1990	5.541593666059422e-02
1991	5.541593666059005e-02
1992	5.541593666058596e-02
1993	5.541593666058191e-02
1994	5.541593666057795e-02
1995	5.541593666057389e-02
1996	5.541593666056996e-02
1997	5.541593666056608e-02
1998	5.541593666056217e-02
1999	5.541593666055839e-02
2000	5.541593666055468e-02
