epoch	loss
1	6.931471805599453e-01
2	1.529827916767925e-01
3	1.219029685355533e-01
4	1.061047884347915e-01
5	9.643588924456978e-02
6	8.989714628329615e-02
7	8.518457709524838e-02
8	8.163319368207292e-02
9	7.886638787635665e-02
10	7.665428185387739e-02
11	7.484840975052967e-02
12	7.334855155143818e-02
13	7.208460291500930e-02
14	7.100606660070707e-02
15	7.007566376112005e-02
16	6.926529258034685e-02
17	6.855338445539036e-02
18	6.792312387896653e-02
19	6.736121952321257e-02
20	6.685703706037643e-02
21	6.640197528145617e-02
22	6.598900945071261e-02
23	6.561235186583560e-02
24	6.526719600463618e-02
25	6.494952122804909e-02
26	6.465594198592937e-02
27	6.438359015680183e-02
28	6.413002235310955e-02
29	6.389314624466132e-02
30	6.367116151701119e-02
31	6.346251219762293e-02
32	6.326584788904394e-02
33	6.307999203760523e-02
34	6.290391580142134e-02
35	6.273671640615949e-02
36	6.257759912151720e-02
37	6.242586217702503e-02
38	6.228088407796734e-02
39	6.214211289191782e-02
40	6.200905716165268e-02
41	6.188127816692594e-02
42	6.175838331014167e-02
43	6.164002044260095e-02
44	6.152587298119105e-02
45	6.141565569198361e-02
46	6.130911103863823e-02
47	6.120600601085759e-02
48	6.110612936225486e-02
49	6.100928919852801e-02
50	6.091531086630207e-02
51	6.082403510080274e-02
52	6.073531639697880e-02
53	6.064902157405290e-02
54	6.056502850794952e-02
55	6.048322500978612e-02
56	6.040350783175304e-02
57	6.032578178434720e-02
58	6.024995895115869e-02
59	6.017595798929725e-02
60	6.010370350515371e-02
61	6.003312549655818e-02
62	5.996415885356678e-02
63	5.989674291110884e-02
64	5.983082104758664e-02
65	5.976634032425901e-02
66	5.970325116087853e-02
67	5.964150704360369e-02
68	5.958106426168548e-02
69	5.952188166984283e-02
70	5.946392047360319e-02
71	5.940714403519851e-02
72	5.935151769788281e-02
73	5.929700862677800e-02
74	5.924358566456552e-02
75	5.919121920052731e-02
76	5.913988105160207e-02
77	5.908954435426723e-02
78	5.904018346618314e-02
79	5.899177387664945e-02
80	5.894429212502104e-02
81	5.889771572632137e-02
82	5.885202310336683e-02
83	5.880719352478762e-02
84	5.876320704839023e-02
85	5.872004446936424e-02
86	5.867768727288331e-02
87	5.863611759069580e-02
88	5.859531816133906e-02
89	5.855527229364706e-02
90	5.851596383325280e-02
91	5.847737713181510e-02
92	5.843949701872508e-02
93	5.840230877507105e-02
94	5.836579810966020e-02
95	5.832995113691552e-02
96	5.829475435648203e-02
97	5.826019463439223e-02
98	5.822625918565459e-02
99	5.819293555814060e-02
100	5.816021161765796e-02
101	5.812807553410707e-02
102	5.809651576862775e-02
103	5.806552106165097e-02
104	5.803508042177834e-02
105	5.800518311541879e-02
106	5.797581865711855e-02
107	5.794697680052539e-02
108	5.791864752993442e-02
109	5.789082105236617e-02
110	5.786348779013344e-02
111	5.783663837385575e-02
112	5.781026363588479e-02
113	5.778435460410765e-02
114	5.775890249609654e-02
115	5.773389871357733e-02
116	5.770933483719139e-02
117	5.768520262152756e-02
118	5.766149399040257e-02
119	5.763820103237102e-02
120	5.761531599644684e-02
121	5.759283128802029e-02
122	5.757073946495594e-02
123	5.754903323385742e-02
124	5.752770544648773e-02
125	5.750674909633303e-02
126	5.748615731530016e-02
127	5.746592337053835e-02
128	5.744604066137660e-02
129	5.742650271636912e-02
130	5.740730319044145e-02
131	5.738843586213099e-02
132	5.736989463091580e-02
133	5.735167351462646e-02
134	5.733376664693604e-02
135	5.731616827492320e-02
136	5.729887275670501e-02
137	5.728187455913497e-02
138	5.726516825556319e-02
139	5.724874852365563e-02
140	5.723261014326899e-02
141	5.721674799437892e-02
142	5.720115705505922e-02
143	5.718583239950940e-02
144	5.717076919612878e-02
145	5.715596270563504e-02
146	5.714140827922568e-02
147	5.712710135678063e-02
148	5.711303746510423e-02
149	5.709921221620582e-02
150	5.708562130561698e-02
151	5.707226051074472e-02
152	5.705912568925901e-02
153	5.704621277751418e-02
154	5.703351778900263e-02
155	5.702103681284039e-02
156	5.700876601228343e-02
157	5.699670162327388e-02
158	5.698483995301566e-02
159	5.697317737857836e-02
160	5.696171034552912e-02
161	5.695043536659174e-02
162	5.693934902033210e-02
163	5.692844794986963e-02
164	5.691772886161445e-02
165	5.690718852402882e-02
166	5.689682376641333e-02
167	5.688663147771687e-02
168	5.687660860536975e-02
169	5.686675215413980e-02
170	5.685705918501095e-02
171	5.684752681408378e-02
172	5.683815221149740e-02
173	5.682893260037279e-02
174	5.681986525577674e-02
175	5.681094750370591e-02
176	5.680217672009143e-02
177	5.679355032982226e-02
178	5.678506580578857e-02
179	5.677672066794337e-02
180	5.676851248238292e-02
181	5.676043886044537e-02
182	5.675249745782684e-02
183	5.674468597371551e-02
184	5.673700214994222e-02
185	5.672944377014860e-02
186	5.672200865897109e-02
187	5.671469468124158e-02
188	5.670749974120377e-02
189	5.670042178174506e-02
190	5.669345878364397e-02
191	5.668660876483235e-02
192	5.667986977967232e-02
193	5.667323991824796e-02
194	5.666671730567064e-02
195	5.666030010139873e-02
196	5.665398649857064e-02
197	5.664777472335145e-02
198	5.664166303429228e-02
199	5.663564972170291e-02
200	5.662973310703680e-02
201	5.662391154228838e-02
202	5.661818340940267e-02
203	5.661254711969662e-02
204	5.660700111329198e-02
205	5.660154385855984e-02
206	5.659617385157618e-02
207	5.659088961558834e-02
208	5.658568970049234e-02
209	5.658057268232065e-02
210	5.657553716274026e-02
211	5.657058176856095e-02
212	5.656570515125321e-02
213	5.656090598647634e-02
214	5.655618297361537e-02
215	5.655153483532798e-02
216	5.654696031710005e-02
217	5.654245818681030e-02
218	5.653802723430391e-02
219	5.653366627097423e-02
220	5.652937412935330e-02
221	5.652514966271054e-02
222	5.652099174465919e-02
223	5.651689926877114e-02
224	5.651287114819897e-02
225	5.650890631530597e-02
226	5.650500372130332e-02
227	5.650116233589472e-02
228	5.649738114692793e-02
229	5.649365916005345e-02
230	5.648999539838989e-02
231	5.648638890219625e-02
232	5.648283872855026e-02
233	5.647934395103380e-02
234	5.647590365942395e-02
235	5.647251695939062e-02
236	5.646918297219997e-02
237	5.646590083442382e-02
238	5.646266969765483e-02
239	5.645948872822724e-02
240	5.645635710694327e-02
241	5.645327402880475e-02
242	5.645023870275027e-02
243	5.644725035139753e-02
244	5.644430821079047e-02
245	5.644141153015166e-02
246	5.643855957163949e-02
247	5.643575161011027e-02
248	5.643298693288470e-02
249	5.643026483951919e-02
250	5.642758464158151e-02
251	5.642494566243102e-02
252	5.642234723700301e-02
253	5.641978871159724e-02
254	5.641726944367090e-02
255	5.641478880163515e-02
256	5.641234616465609e-02
257	5.640994092245927e-02
258	5.640757247513815e-02
259	5.640524023296616e-02
260	5.640294361621257e-02
261	5.640068205496184e-02
262	5.639845498893641e-02
263	5.639626186732287e-02
264	5.639410214860185e-02
265	5.639197530038063e-02
266	5.638988079922928e-02
267	5.638781813052014e-02
268	5.638578678826987e-02
269	5.638378627498494e-02
270	5.638181610151009e-02
271	5.637987578687922e-02
272	5.637796485816977e-02
273	5.637608285035941e-02
274	5.637422930618557e-02
275	5.637240377600781e-02
276	5.637060581767251e-02
277	5.636883499638044e-02
278	5.636709088455662e-02
279	5.636537306172271e-02
280	5.636368111437172e-02
281	5.636201463584548e-02
282	5.636037322621362e-02
283	5.635875649215583e-02
284	5.635716404684541e-02
285	5.635559550983573e-02
286	5.635405050694829e-02
287	5.635252867016319e-02
288	5.635102963751155e-02
289	5.634955305296982e-02
290	5.634809856635633e-02
291	5.634666583322959e-02
292	5.634525451478840e-02
293	5.634386427777390e-02
294	5.634249479437378e-02
295	5.634114574212741e-02
296	5.633981680383365e-02
297	5.633850766745988e-02
298	5.633721802605278e-02
299	5.633594757765058e-02
300	5.633469602519744e-02
301	5.633346307645890e-02
302	5.633224844393896e-02
303	5.633105184479903e-02
304	5.632987300077778e-02
305	5.632871163811318e-02
306	5.632756748746516e-02
307	5.632644028384039e-02
308	5.632532976651799e-02
309	5.632423567897668e-02
310	5.632315776882349e-02
311	5.632209578772340e-02
312	5.632104949133040e-02
313	5.632001863922006e-02
314	5.631900299482268e-02
315	5.631800232535855e-02
316	5.631701640177344e-02
317	5.631604499867593e-02
318	5.631508789427554e-02
319	5.631414487032199e-02
320	5.631321571204580e-02
321	5.631230020809957e-02
322	5.631139815050049e-02
323	5.631050933457419e-02
324	5.630963355889888e-02
325	5.630877062525118e-02
326	5.630792033855258e-02
327	5.630708250681674e-02
328	5.630625694109813e-02
329	5.630544345544117e-02
330	5.630464186683053e-02
331	5.630385199514209e-02
332	5.630307366309503e-02
333	5.630230669620465e-02
334	5.630155092273580e-02
335	5.630080617365742e-02
336	5.630007228259799e-02
337	5.629934908580124e-02
338	5.629863642208317e-02
339	5.629793413278946e-02
340	5.629724206175396e-02
341	5.629656005525747e-02
342	5.629588796198774e-02
343	5.629522563299979e-02
344	5.629457292167692e-02
345	5.629392968369282e-02
346	5.629329577697377e-02
347	5.629267106166191e-02
348	5.629205540007889e-02
349	5.629144865669041e-02
350	5.629085069807111e-02
351	5.629026139287022e-02
352	5.628968061177773e-02
353	5.628910822749125e-02
354	5.628854411468322e-02
355	5.628798814996900e-02
356	5.628744021187521e-02
357	5.628690018080883e-02
358	5.628636793902664e-02
359	5.628584337060540e-02
360	5.628532636141227e-02
361	5.628481679907600e-02
362	5.628431457295852e-02
363	5.628381957412684e-02
364	5.628333169532571e-02
365	5.628285083095060e-02
366	5.628237687702108e-02
367	5.628190973115478e-02
368	5.628144929254178e-02
369	5.628099546191919e-02
370	5.628054814154662e-02
371	5.628010723518167e-02
372	5.627967264805586e-02
373	5.627924428685128e-02
374	5.627882205967723e-02
375	5.627840587604770e-02
376	5.627799564685858e-02
377	5.627759128436603e-02
378	5.627719270216467e-02
379	5.627679981516622e-02
380	5.627641253957869e-02
381	5.627603079288575e-02
382	5.627565449382646e-02
383	5.627528356237550e-02
384	5.627491791972335e-02
385	5.627455748825738e-02
386	5.627420219154260e-02
387	5.627385195430329e-02
388	5.627350670240466e-02
389	5.627316636283458e-02
390	5.627283086368640e-02
391	5.627250013414104e-02
392	5.627217410445012e-02
393	5.627185270591912e-02
394	5.627153587089081e-02
395	5.627122353272886e-02
396	5.627091562580197e-02
397	5.627061208546799e-02
398	5.627031284805850e-02
399	5.627001785086359e-02
400	5.626972703211678e-02
401	5.626944033098036e-02
402	5.626915768753079e-02
403	5.626887904274455e-02
404	5.626860433848406e-02
405	5.626833351748373e-02
406	5.626806652333674e-02
407	5.626780330048128e-02
408	5.626754379418758e-02
409	5.626728795054506e-02
410	5.626703571644952e-02
411	5.626678703959068e-02
412	5.626654186843971e-02
413	5.626630015223735e-02
414	5.626606184098186e-02
415	5.626582688541746e-02
416	5.626559523702243e-02
417	5.626536684799823e-02
418	5.626514167125797e-02
419	5.626491966041571e-02
420	5.626470076977537e-02
421	5.626448495432040e-02
422	5.626427216970308e-02
423	5.626406237223430e-02
424	5.626385551887352e-02
425	5.626365156721874e-02
426	5.626345047549661e-02
427	5.626325220255290e-02
428	5.626305670784300e-02
429	5.626286395142253e-02
430	5.626267389393814e-02
431	5.626248649661855e-02
432	5.626230172126551e-02
433	5.626211953024513e-02
434	5.626193988647935e-02
435	5.626176275343717e-02
436	5.626158809512662e-02
437	5.626141587608641e-02
438	5.626124606137773e-02
439	5.626107861657652e-02
440	5.626091350776546e-02
441	5.626075070152635e-02
442	5.626059016493246e-02
443	5.626043186554118e-02
444	5.626027577138647e-02
445	5.626012185097188e-02
446	5.625997007326323e-02
447	5.625982040768167e-02
448	5.625967282409687e-02
449	5.625952729282005e-02
450	5.625938378459749e-02
451	5.625924227060385e-02
452	5.625910272243566e-02
453	5.625896511210504e-02
454	5.625882941203343e-02
455	5.625869559504540e-02
456	5.625856363436243e-02
457	5.625843350359718e-02
458	5.625830517674744e-02
459	5.625817862819033e-02
460	5.625805383267668e-02
461	5.625793076532538e-02
462	5.625780940161777e-02
463	5.625768971739237e-02
464	5.625757168883931e-02
465	5.625745529249527e-02
466	5.625734050523812e-02
467	5.625722730428190e-02
468	5.625711566717171e-02
469	5.625700557177889e-02
470	5.625689699629587e-02
471	5.625678991923181e-02
472	5.625668431940745e-02
473	5.625658017595060e-02
474	5.625647746829172e-02
475	5.625637617615909e-02
476	5.625627627957468e-02
477	5.625617775884952e-02
478	5.625608059457958e-02
479	5.625598476764153e-02
480	5.625589025918831e-02
481	5.625579705064537e-02
482	5.625570512370631e-02
483	5.625561446032926e-02
484	5.625552504273248e-02
485	5.625543685339093e-02
486	5.625534987503223e-02
487	5.625526409063289e-02
488	5.625517948341489e-02
489	5.625509603684171e-02
490	5.625501373461490e-02
491	5.625493256067059e-02
492	5.625485249917606e-02
493	5.625477353452620e-02
494	5.625469565134016e-02
495	5.625461883445809e-02
496	5.625454306893793e-02
497	5.625446834005215e-02
498	5.625439463328441e-02
499	5.625432193432680e-02
500	5.625425022907641e-02
501	5.625417950363269e-02
502	5.625410974429402e-02
503	5.625404093755520e-02
504	5.625397307010430e-02
505	5.625390612881997e-02
506	5.625384010076852e-02
507	5.625377497320124e-02
508	5.625371073355163e-02
509	5.625364736943288e-02
510	5.625358486863494e-02
511	5.625352321912226e-02
512	5.625346240903100e-02
513	5.625340242666665e-02
514	5.625334326050144e-02
515	5.625328489917194e-02
516	5.625322733147679e-02
517	5.625317054637410e-02
518	5.625311453297924e-02
519	5.625305928056262e-02
520	5.625300477854728e-02
521	5.625295101650675e-02
522	5.625289798416280e-02
523	5.625284567138338e-02
524	5.625279406818032e-02
525	5.625274316470737e-02
526	5.625269295125820e-02
527	5.625264341826409e-02
528	5.625259455629222e-02
529	5.625254635604356e-02
530	5.625249880835088e-02
531	5.625245190417692e-02
532	5.625240563461244e-02
533	5.625235999087450e-02
534	5.625231496430447e-02
535	5.625227054636621e-02
536	5.625222672864442e-02
537	5.625218350284285e-02
538	5.625214086078251e-02
539	5.625209879440009e-02
540	5.625205729574610e-02
541	5.625201635698341e-02
542	5.625197597038560e-02
543	5.625193612833519e-02
544	5.625189682332224e-02
545	5.625185804794280e-02
546	5.625181979489723e-02
547	5.625178205698877e-02
548	5.625174482712220e-02
549	5.625170809830214e-02
550	5.625167186363170e-02
551	5.625163611631114e-02
552	5.625160084963637e-02
553	5.625156605699762e-02
554	5.625153173187804e-02
555	5.625149786785244e-02
556	5.625146445858593e-02
557	5.625143149783249e-02
558	5.625139897943398e-02
559	5.625136689731856e-02
560	5.625133524549979e-02
561	5.625130401807506e-02
562	5.625127320922459e-02
563	5.625124281321020e-02
564	5.625121282437413e-02
565	5.625118323713792e-02
566	5.625115404600126e-02
567	5.625112524554075e-02
568	5.625109683040899e-02
569	5.625106879533337e-02
570	5.625104113511512e-02
571	5.625101384462804e-02
572	5.625098691881768e-02
573	5.625096035270016e-02
574	5.625093414136131e-02
575	5.625090827995551e-02
576	5.625088276370482e-02
577	5.625085758789798e-02
578	5.625083274788955e-02
579	5.625080823909871e-02
580	5.625078405700864e-02
581	5.625076019716545e-02
582	5.625073665517732e-02
583	5.625071342671359e-02
584	5.625069050750391e-02
585	5.625066789333739e-02
586	5.625064558006174e-02
587	5.625062356358247e-02
588	5.625060183986192e-02
589	5.625058040491873e-02
590	5.625055925482675e-02
591	5.625053838571450e-02
592	5.625051779376419e-02
593	5.625049747521103e-02
594	5.625047742634261e-02
595	5.625045764349790e-02
596	5.625043812306676e-02
597	5.625041886148908e-02
598	5.625039985525414e-02
599	5.625038110089978e-02
600	5.625036259501194e-02
601	5.625034433422383e-02
602	5.625032631521527e-02
603	5.625030853471194e-02
604	5.625029098948496e-02
605	5.625027367635015e-02
606	5.625025659216727e-02
607	5.625023973383945e-02
608	5.625022309831286e-02
609	5.625020668257562e-02
610	5.625019048365761e-02
611	5.625017449862962e-02
612	5.625015872460296e-02
613	5.625014315872880e-02
614	5.625012779819760e-02
615	5.625011264023858e-02
616	5.625009768211907e-02
617	5.625008292114422e-02
618	5.625006835465628e-02
619	5.625005398003406e-02
620	5.625003979469247e-02
621	5.625002579608208e-02
622	5.625001198168848e-02
623	5.624999834903197e-02
624	5.624998489566679e-02
625	5.624997161918092e-02
626	5.624995851719545e-02
627	5.624994558736429e-02
628	5.624993282737343e-02
629	5.624992023494071e-02
630	5.624990780781530e-02
631	5.624989554377732e-02
632	5.624988344063724e-02
633	5.624987149623558e-02
634	5.624985970844266e-02
635	5.624984807515784e-02
636	5.624983659430927e-02
637	5.624982526385346e-02
638	5.624981408177509e-02
639	5.624980304608626e-02
640	5.624979215482638e-02
641	5.624978140606162e-02
642	5.624977079788471e-02
643	5.624976032841441e-02
644	5.624974999579514e-02
645	5.624973979819681e-02
646	5.624972973381429e-02
647	5.624971980086709e-02
648	5.624970999759908e-02
649	5.624970032227805e-02
650	5.624969077319546e-02
651	5.624968134866620e-02
652	5.624967204702794e-02
653	5.624966286664112e-02
654	5.624965380588864e-02
655	5.624964486317528e-02
656	5.624963603692767e-02
657	5.624962732559375e-02
658	5.624961872764277e-02
659	5.624961024156461e-02
660	5.624960186586991e-02
661	5.624959359908946e-02
662	5.624958543977405e-02
663	5.624957738649419e-02
664	5.624956943783984e-02
665	5.624956159242005e-02
666	5.624955384886284e-02
667	5.624954620581489e-02
668	5.624953866194123e-02
669	5.624953121592492e-02
670	5.624952386646701e-02
671	5.624951661228614e-02
672	5.624950945211833e-02
673	5.624950238471672e-02
674	5.624949540885136e-02
675	5.624948852330899e-02
676	5.624948172689274e-02
677	5.624947501842198e-02
678	5.624946839673214e-02
679	5.624946186067423e-02
680	5.624945540911500e-02
681	5.624944904093639e-02
682	5.624944275503554e-02
683	5.624943655032452e-02
684	5.624943042573004e-02
685	5.624942438019330e-02
686	5.624941841266988e-02
687	5.624941252212944e-02
688	5.624940670755547e-02
689	5.624940096794529e-02
690	5.624939530230969e-02
691	5.624938970967287e-02
692	5.624938418907208e-02
693	5.624937873955763e-02
694	5.624937336019261e-02
695	5.624936805005273e-02
696	5.624936280822612e-02
697	5.624935763381324e-02
698	5.624935252592665e-02
699	5.624934748369084e-02
700	5.624934250624209e-02
701	5.624933759272823e-02
702	5.624933274230869e-02
703	5.624932795415406e-02
704	5.624932322744617e-02
705	5.624931856137778e-02
706	5.624931395515258e-02
707	5.624930940798480e-02
708	5.624930491909933e-02
709	5.624930048773150e-02
710	5.624929611312678e-02
711	5.624929179454081e-02
712	5.624928753123928e-02
713	5.624928332249764e-02
714	5.624927916760100e-02
715	5.624927506584422e-02
716	5.624927101653143e-02
717	5.624926701897620e-02
718	5.624926307250116e-02
719	5.624925917643817e-02
720	5.624925533012787e-02
721	5.624925153291983e-02
722	5.624924778417220e-02
723	5.624924408325192e-02
724	5.624924042953407e-02
725	5.624923682240240e-02
726	5.624923326124864e-02
727	5.624922974547283e-02
728	5.624922627448291e-02
729	5.624922284769471e-02
730	5.624921946453190e-02
731	5.624921612442584e-02
732	5.624921282681548e-02
733	5.624920957114712e-02
734	5.624920635687463e-02
735	5.624920318345897e-02
736	5.624920005036849e-02
737	5.624919695707835e-02
738	5.624919390307097e-02
739	5.624919088783545e-02
740	5.624918791086779e-02
741	5.624918497167061e-02
742	5.624918206975331e-02
743	5.624917920463154e-02
744	5.624917637582764e-02
745	5.624917358287018e-02
746	5.624917082529393e-02
747	5.624916810264003e-02
748	5.624916541445548e-02
749	5.624916276029342e-02
750	5.624916013971290e-02
751	5.624915755227881e-02
752	5.624915499756181e-02
753	5.624915247513820e-02
754	5.624914998458998e-02
755	5.624914752550461e-02
756	5.624914509747506e-02
757	5.624914270009969e-02
758	5.624914033298209e-02
759	5.624913799573124e-02
760	5.624913568796110e-02
761	5.624913340929098e-02
762	5.624913115934499e-02
763	5.624912893775230e-02
764	5.624912674414701e-02
765	5.624912457816796e-02
766	5.624912243945884e-02
767	5.624912032766809e-02
768	5.624911824244865e-02
769	5.624911618345809e-02
770	5.624911415035855e-02
771	5.624911214281657e-02
772	5.624911016050307e-02
773	5.624910820309335e-02
774	5.624910627026694e-02
775	5.624910436170769e-02
776	5.624910247710348e-02
777	5.624910061614637e-02
778	5.624909877853244e-02
779	5.624909696396181e-02
780	5.624909517213850e-02
781	5.624909340277044e-02
782	5.624909165556937e-02
783	5.624908993025089e-02
784	5.624908822653425e-02
785	5.624908654414244e-02
786	5.624908488280204e-02
787	5.624908324224324e-02
788	5.624908162219978e-02
789	5.624908002240887e-02
790	5.624907844261123e-02
791	5.624907688255092e-02
792	5.624907534197529e-02
793	5.624907382063511e-02
794	5.624907231828438e-02
795	5.624907083468031e-02
796	5.624906936958322e-02
797	5.624906792275673e-02
798	5.624906649396742e-02
799	5.624906508298497e-02
800	5.624906368958200e-02
801	5.624906231353424e-02
802	5.624906095462021e-02
803	5.624905961262139e-02
804	5.624905828732208e-02
805	5.624905697850949e-02
806	5.624905568597348e-02
807	5.624905440950671e-02
808	5.624905314890453e-02
809	5.624905190396498e-02
810	5.624905067448872e-02
811	5.624904946027904e-02
812	5.624904826114169e-02
813	5.624904707688503e-02
814	5.624904590731997e-02
815	5.624904475225971e-02
816	5.624904361152007e-02
817	5.624904248491913e-02
818	5.624904137227735e-02
819	5.624904027341764e-02
820	5.624903918816508e-02
821	5.624903811634707e-02
822	5.624903705779324e-02
823	5.624903601233550e-02
824	5.624903497980781e-02
825	5.624903396004636e-02
826	5.624903295288954e-02
827	5.624903195817767e-02
828	5.624903097575328e-02
829	5.624903000546085e-02
830	5.624902904714694e-02
831	5.624902810066013e-02
832	5.624902716585078e-02
833	5.624902624257139e-02
834	5.624902533067623e-02
835	5.624902443002157e-02
836	5.624902354046549e-02
837	5.624902266186778e-02
838	5.624902179409031e-02
839	5.624902093699647e-02
840	5.624902009045157e-02
841	5.624901925432263e-02
842	5.624901842847835e-02
843	5.624901761278917e-02
844	5.624901680712713e-02
845	5.624901601136603e-02
846	5.624901522538118e-02
847	5.624901444904958e-02
848	5.624901368224979e-02
849	5.624901292486194e-02
850	5.624901217676765e-02
851	5.624901143785017e-02
852	5.624901070799418e-02
853	5.624900998708586e-02
854	5.624900927501281e-02
855	5.624900857166411e-02
856	5.624900787693037e-02
857	5.624900719070340e-02
858	5.624900651287658e-02
859	5.624900584334452e-02
860	5.624900518200329e-02
861	5.624900452875030e-02
862	5.624900388348412e-02
863	5.624900324610484e-02
864	5.624900261651368e-02
865	5.624900199461312e-02
866	5.624900138030704e-02
867	5.624900077350036e-02
868	5.624900017409938e-02
869	5.624899958201150e-02
870	5.624899899714528e-02
871	5.624899841941060e-02
872	5.624899784871832e-02
873	5.624899728498059e-02
874	5.624899672811057e-02
875	5.624899617802253e-02
876	5.624899563463195e-02
877	5.624899509785525e-02
878	5.624899456761008e-02
879	5.624899404381492e-02
880	5.624899352638950e-02
881	5.624899301525449e-02
882	5.624899251033152e-02
883	5.624899201154328e-02
884	5.624899151881350e-02
885	5.624899103206676e-02
886	5.624899055122864e-02
887	5.624899007622573e-02
888	5.624898960698552e-02
889	5.624898914343640e-02
890	5.624898868550764e-02
891	5.624898823312952e-02
892	5.624898778623307e-02
893	5.624898734475039e-02
894	5.624898690861417e-02
895	5.624898647775824e-02
896	5.624898605211702e-02
897	5.624898563162597e-02
898	5.624898521622125e-02
899	5.624898480583988e-02
900	5.624898440041960e-02
901	5.624898399989904e-02
902	5.624898360421754e-02
903	5.624898321331528e-02
904	5.624898282713313e-02
905	5.624898244561270e-02
906	5.624898206869639e-02
907	5.624898169632734e-02
908	5.624898132844935e-02
909	5.624898096500696e-02
910	5.624898060594546e-02
911	5.624898025121071e-02
912	5.624897990074937e-02
913	5.624897955450875e-02
914	5.624897921243673e-02
915	5.624897887448205e-02
916	5.624897854059385e-02
917	5.624897821072210e-02
918	5.624897788481732e-02
919	5.624897756283069e-02
920	5.624897724471397e-02
921	5.624897693041953e-02
922	5.624897661990038e-02
923	5.624897631311011e-02
924	5.624897601000280e-02
925	5.624897571053331e-02
926	5.624897541465683e-02
927	5.624897512232933e-02
928	5.624897483350719e-02
929	5.624897454814731e-02
930	5.624897426620737e-02
931	5.624897398764529e-02
932	5.624897371241969e-02
933	5.624897344048964e-02
934	5.624897317181479e-02
935	5.624897290635522e-02
936	5.624897264407154e-02
937	5.624897238492488e-02
938	5.624897212887691e-02
939	5.624897187588956e-02
940	5.624897162592553e-02
941	5.624897137894773e-02
942	5.624897113491967e-02
943	5.624897089380537e-02
944	5.624897065556917e-02
945	5.624897042017593e-02
946	5.624897018759088e-02
947	5.624896995777982e-02
948	5.624896973070882e-02
949	5.624896950634449e-02
950	5.624896928465383e-02
951	5.624896906560416e-02
952	5.624896884916338e-02
953	5.624896863529964e-02
954	5.624896842398151e-02
955	5.624896821517810e-02
956	5.624896800885869e-02
957	5.624896780499311e-02
958	5.624896760355142e-02
959	5.624896740450419e-02
960	5.624896720782231e-02
961	5.624896701347699e-02
962	5.624896682143987e-02
963	5.624896663168285e-02
964	5.624896644417826e-02
965	5.624896625889873e-02
966	5.624896607581731e-02
967	5.624896589490726e-02
968	5.624896571614228e-02
969	5.624896553949628e-02
970	5.624896536494367e-02
971	5.624896519245897e-02
972	5.624896502201719e-02
973	5.624896485359354e-02
974	5.624896468716362e-02
975	5.624896452270325e-02
976	5.624896436018859e-02
977	5.624896419959614e-02
978	5.624896404090261e-02
979	5.624896388408503e-02
980	5.624896372912077e-02
981	5.624896357598738e-02
982	5.624896342466271e-02
983	5.624896327512502e-02
984	5.624896312735260e-02
985	5.624896298132424e-02
986	5.624896283701886e-02
987	5.624896269441563e-02
988	5.624896255349403e-02
989	5.624896241423386e-02
990	5.624896227661502e-02
991	5.624896214061775e-02
992	5.624896200622249e-02
993	5.624896187340999e-02
994	5.624896174216115e-02
995	5.624896161245715e-02
996	5.624896148427943e-02
997	5.624896135760962e-02
998	5.624896123242956e-02
999	5.624896110872137e-02
1000	5.624896098646734e-02
1001	5.624896086564996e-02
1002	5.624896074625209e-02
1003	5.624896062825653e-02
1004	5.624896051164655e-02
1005	5.624896039640546e-02
1006	5.624896028251684e-02
1007	5.624896016996453e-02
1008	5.624896005873242e-02
1009	5.624895994880472e-02
1010	5.624895984016582e-02
1011	5.624895973280024e-02
1012	5.624895962669275e-02
1013	5.624895952182827e-02
1014	5.624895941819193e-02
1015	5.624895931576901e-02
1016	5.624895921454498e-02
1017	5.624895911450555e-02
1018	5.624895901563651e-02
1019	5.624895891792388e-02
1020	5.624895882135387e-02
1021	5.624895872591282e-02
1022	5.624895863158715e-02
1023	5.624895853836367e-02
1024	5.624895844622919e-02
1025	5.624895835517064e-02
1026	5.624895826517527e-02
1027	5.624895817623035e-02
1028	5.624895808832334e-02
1029	5.624895800144192e-02
1030	5.624895791557387e-02
1031	5.624895783070701e-02
1032	5.624895774682952e-02
1033	5.624895766392961e-02
1034	5.624895758199561e-02
1035	5.624895750101604e-02
1036	5.624895742097950e-02
1037	5.624895734187485e-02
1038	5.624895726369096e-02
1039	5.624895718641688e-02
1040	5.624895711004185e-02
1041	5.624895703455511e-02
1042	5.624895695994616e-02
1043	5.624895688620454e-02
1044	5.624895681332002e-02
1045	5.624895674128234e-02
1046	5.624895667008151e-02
1047	5.624895659970762e-02
1048	5.624895653015081e-02
1049	5.624895646140142e-02
1050	5.624895639344987e-02
1051	5.624895632628669e-02
1052	5.624895625990261e-02
1053	5.624895619428834e-02
1054	5.624895612943479e-02
1055	5.624895606533292e-02
1056	5.624895600197388e-02
1057	5.624895593934886e-02
1058	5.624895587744923e-02
1059	5.624895581626632e-02
1060	5.624895575579173e-02
1061	5.624895569601707e-02
1062	5.624895563693408e-02
1063	5.624895557853454e-02
1064	5.624895552081047e-02
1065	5.624895546375384e-02
1066	5.624895540735676e-02
1067	5.624895535161148e-02
1068	5.624895529651034e-02
1069	5.624895524204569e-02
1070	5.624895518821005e-02
1071	5.624895513499596e-02
1072	5.624895508239615e-02
1073	5.624895503040341e-02
1074	5.624895497901056e-02
1075	5.624895492821050e-02
1076	5.624895487799630e-02
1077	5.624895482836106e-02
1078	5.624895477929796e-02
1079	5.624895473080028e-02
1080	5.624895468286138e-02
1081	5.624895463547465e-02
1082	5.624895458863365e-02
1083	5.624895454233196e-02
1084	5.624895449656322e-02
1085	5.624895445132119e-02
1086	5.624895440659972e-02
1087	5.624895436239262e-02
1088	5.624895431869393e-02
1089	5.624895427549767e-02
1090	5.624895423279790e-02
1091	5.624895419058890e-02
1092	5.624895414886479e-02
1093	5.624895410761999e-02
1094	5.624895406684888e-02
1095	5.624895402654587e-02
1096	5.624895398670549e-02
1097	5.624895394732229e-02
1098	5.624895390839100e-02
1099	5.624895386990628e-02
1100	5.624895383186295e-02
1101	5.624895379425582e-02
1102	5.624895375707974e-02
1103	5.624895372032976e-02
1104	5.624895368400085e-02
1105	5.624895364808812e-02
1106	5.624895361258668e-02
1107	5.624895357749177e-02
1108	5.624895354279860e-02
1109	5.624895350850251e-02
1110	5.624895347459883e-02
1111	5.624895344108306e-02
1112	5.624895340795062e-02
1113	5.624895337519703e-02
1114	5.624895334281794e-02
1115	5.624895331080890e-02
1116	5.624895327916566e-02
1117	5.624895324788398e-02
1118	5.624895321695954e-02
1119	5.624895318638832e-02
1120	5.624895315616611e-02
1121	5.624895312628893e-02
1122	5.624895309675269e-02
1123	5.624895306755345e-02
1124	5.624895303868731e-02
1125	5.624895301015043e-02
1126	5.624895298193892e-02
1127	5.624895295404902e-02
1128	5.624895292647701e-02
1129	5.624895289921918e-02
1130	5.624895287227191e-02
1131	5.624895284563154e-02
1132	5.624895281929461e-02
1133	5.624895279325749e-02
1134	5.624895276751676e-02
1135	5.624895274206899e-02
1136	5.624895271691076e-02
1137	5.624895269203874e-02
1138	5.624895266744962e-02
1139	5.624895264314009e-02
1140	5.624895261910689e-02
1141	5.624895259534691e-02
1142	5.624895257185691e-02
1143	5.624895254863379e-02
1144	5.624895252567449e-02
1145	5.624895250297592e-02
1146	5.624895248053506e-02
1147	5.624895245834896e-02
1148	5.624895243641469e-02
1149	5.624895241472927e-02
1150	5.624895239328995e-02
1151	5.624895237209374e-02
1152	5.624895235113793e-02
1153	5.624895233041972e-02
1154	5.624895230993635e-02
1155	5.624895228968514e-02
1156	5.624895226966339e-02
1157	5.624895224986849e-02
1158	5.624895223029776e-02
1159	5.624895221094868e-02
1160	5.624895219181865e-02
1161	5.624895217290520e-02
1162	5.624895215420578e-02
1163	5.624895213571793e-02
1164	5.624895211743927e-02
1165	5.624895209936732e-02
1166	5.624895208149980e-02
1167	5.624895206383421e-02
1168	5.624895204636834e-02
1169	5.624895202909984e-02
1170	5.624895201202650e-02
1171	5.624895199514601e-02
1172	5.624895197845621e-02
1173	5.624895196195485e-02
1174	5.624895194563985e-02
1175	5.624895192950898e-02
1176	5.624895191356017e-02
1177	5.624895189779134e-02
1178	5.624895188220038e-02
1179	5.624895186678530e-02
1180	5.624895185154407e-02
1181	5.624895183647470e-02
1182	5.624895182157518e-02
1183	5.624895180684360e-02
1184	5.624895179227800e-02
1185	5.624895177787653e-02
1186	5.624895176363726e-02
1187	5.624895174955838e-02
1188	5.624895173563802e-02
1189	5.624895172187440e-02
1190	5.624895170826565e-02
1191	5.624895169481010e-02
1192	5.624895168150593e-02
1193	5.624895166835142e-02
1194	5.624895165534485e-02
1195	5.624895164248456e-02
1196	5.624895162976886e-02
1197	5.624895161719606e-02
1198	5.624895160476463e-02
1199	5.624895159247283e-02
1200	5.624895158031918e-02
1201	5.624895156830200e-02
1202	5.624895155641980e-02
1203	5.624895154467102e-02
1204	5.624895153305416e-02
1205	5.624895152156768e-02
1206	5.624895151021011e-02
1207	5.624895149897995e-02
1208	5.624895148787580e-02
1209	5.624895147689619e-02
1210	5.624895146603969e-02
1211	5.624895145530495e-02
1212	5.624895144469055e-02
1213	5.624895143419507e-02
1214	5.624895142381724e-02
1215	5.624895141355572e-02
1216	5.624895140340909e-02
1217	5.624895139337614e-02
1218	5.624895138345552e-02
1219	5.624895137364597e-02
1220	5.624895136394629e-02
1221	5.624895135435507e-02
1222	5.624895134487126e-02
1223	5.624895133549354e-02
1224	5.624895132622069e-02
1225	5.624895131705161e-02
1226	5.624895130798501e-02
1227	5.624895129901980e-02
1228	5.624895129015482e-02
1229	5.624895128138893e-02
1230	5.624895127272097e-02
1231	5.624895126414987e-02
1232	5.624895125567450e-02
1233	5.624895124729382e-02
1234	5.624895123900668e-02
1235	5.624895123081208e-02
1236	5.624895122270900e-02
1237	5.624895121469634e-02
1238	5.624895120677310e-02
1239	5.624895119893827e-02
1240	5.624895119119082e-02
1241	5.624895118352981e-02
1242	5.624895117595423e-02
1243	5.624895116846308e-02
1244	5.624895116105552e-02
1245	5.624895115373044e-02
1246	5.624895114648702e-02
1247	5.624895113932436e-02
1248	5.624895113224148e-02
1249	5.624895112523747e-02
1250	5.624895111831146e-02
1251	5.624895111146258e-02
1252	5.624895110469001e-02
1253	5.624895109799274e-02
1254	5.624895109137009e-02
1255	5.624895108482109e-02
1256	5.624895107834496e-02
1257	5.624895107194088e-02
1258	5.624895106560805e-02
1259	5.624895105934562e-02
1260	5.624895105315283e-02
1261	5.624895104702890e-02
1262	5.624895104097301e-02
1263	5.624895103498446e-02
1264	5.624895102906240e-02
1265	5.624895102320619e-02
1266	5.624895101741504e-02
1267	5.624895101168817e-02
1268	5.624895100602492e-02
1269	5.624895100042455e-02
1270	5.624895099488633e-02
1271	5.624895098940964e-02
1272	5.624895098399368e-02
1273	5.624895097863782e-02
1274	5.624895097334139e-02
1275	5.624895096810372e-02
1276	5.624895096292413e-02
1277	5.624895095780199e-02
1278	5.624895095273663e-02
1279	5.624895094772743e-02
1280	5.624895094277373e-02
1281	5.624895093787495e-02
1282	5.624895093303046e-02
1283	5.624895092823965e-02
1284	5.624895092350193e-02
1285	5.624895091881665e-02
1286	5.624895091418324e-02
1287	5.624895090960119e-02
1288	5.624895090506986e-02
1289	5.624895090058864e-02
1290	5.624895089615703e-02
1291	5.624895089177445e-02
1292	5.624895088744039e-02
1293	5.624895088315428e-02
1294	5.624895087891558e-02
1295	5.624895087472374e-02
1296	5.624895087057828e-02
1297	5.624895086647863e-02
1298	5.624895086242428e-02
1299	5.624895085841478e-02
1300	5.624895085444957e-02
1301	5.624895085052819e-02
1302	5.624895084665014e-02
1303	5.624895084281491e-02
1304	5.624895083902205e-02
1305	5.624895083527108e-02
1306	5.624895083156148e-02
1307	5.624895082789287e-02
1308	5.624895082426478e-02
1309	5.624895082067673e-02
1310	5.624895081712823e-02
1311	5.624895081361893e-02
1312	5.624895081014834e-02
1313	5.624895080671601e-02
1314	5.624895080332157e-02
1315	5.624895079996452e-02
1316	5.624895079664452e-02
1317	5.624895079336116e-02
1318	5.624895079011391e-02
1319	5.624895078690249e-02
1320	5.624895078372646e-02
1321	5.624895078058543e-02
1322	5.624895077747900e-02
1323	5.624895077440678e-02
1324	5.624895077136843e-02
1325	5.624895076836355e-02
1326	5.624895076539167e-02
1327	5.624895076245259e-02
1328	5.624895075954585e-02
1329	5.624895075667108e-02
1330	5.624895075382796e-02
1331	5.624895075101614e-02
1332	5.624895074823525e-02
1333	5.624895074548493e-02
1334	5.624895074276488e-02
1335	5.624895074007472e-02
1336	5.624895073741418e-02
1337	5.624895073478289e-02
1338	5.624895073218051e-02
1339	5.624895072960673e-02
1340	5.624895072706126e-02
1341	5.624895072454374e-02
1342	5.624895072205392e-02
1343	5.624895071959142e-02
1344	5.624895071715598e-02
1345	5.624895071474731e-02
1346	5.624895071236501e-02
1347	5.624895071000896e-02
1348	5.624895070767874e-02
1349	5.624895070537413e-02
1350	5.624895070309477e-02
1351	5.624895070084049e-02
1352	5.624895069861091e-02
1353	5.624895069640579e-02
1354	5.624895069422483e-02
1355	5.624895069206784e-02
1356	5.624895068993452e-02
1357	5.624895068782456e-02
1358	5.624895068573777e-02
1359	5.624895068367382e-02
1360	5.624895068163253e-02
1361	5.624895067961361e-02
1362	5.624895067761684e-02
1363	5.624895067564190e-02
1364	5.624895067368864e-02
1365	5.624895067175676e-02
1366	5.624895066984605e-02
1367	5.624895066795629e-02
1368	5.624895066608719e-02
1369	5.624895066423855e-02
1370	5.624895066241018e-02
1371	5.624895066060183e-02
1372	5.624895065881325e-02
1373	5.624895065704427e-02
1374	5.624895065529466e-02
1375	5.624895065356416e-02
1376	5.624895065185262e-02
1377	5.624895065015979e-02
1378	5.624895064848553e-02
1379	5.624895064682951e-02
1380	5.624895064519166e-02
1381	5.624895064357167e-02
1382	5.624895064196944e-02
1383	5.624895064038470e-02
1384	5.624895063881728e-02
1385	5.624895063726701e-02
1386	5.624895063573366e-02
1387	5.624895063421707e-02
1388	5.624895063271705e-02
1389	5.624895063123342e-02
1390	5.624895062976601e-02
1391	5.624895062831464e-02
1392	5.624895062687908e-02
1393	5.624895062545923e-02
1394	5.624895062405486e-02
1395	5.624895062266581e-02
1396	5.624895062129193e-02
1397	5.624895061993311e-02
1398	5.624895061858905e-02
1399	5.624895061725969e-02
1400	5.624895061594484e-02
1401	5.624895061464431e-02
1402	5.624895061335795e-02
1403	5.624895061208568e-02
1404	5.624895061082723e-02
1405	5.624895060958255e-02
1406	5.624895060835144e-02
1407	5.624895060713375e-02
1408	5.624895060592931e-02
1409	5.624895060473802e-02
1410	5.624895060355968e-02
1411	5.624895060239423e-02
1412	5.624895060124147e-02
1413	5.624895060010122e-02
1414	5.624895059897342e-02
1415	5.624895059785795e-02
1416	5.624895059675460e-02
1417	5.624895059566327e-02
1418	5.624895059458380e-02
1419	5.624895059351613e-02
1420	5.624895059246005e-02
1421	5.624895059141547e-02
1422	5.624895059038228e-02
1423	5.624895058936034e-02
1424	5.624895058834949e-02
1425	5.624895058734966e-02
1426	5.624895058636070e-02
1427	5.624895058538249e-02
1428	5.624895058441497e-02
1429	5.624895058345791e-02
1430	5.624895058251130e-02
1431	5.624895058157500e-02
1432	5.624895058064888e-02
1433	5.624895057973278e-02
1434	5.624895057882670e-02
1435	5.624895057793043e-02
1436	5.624895057704394e-02
1437	5.624895057616704e-02
1438	5.624895057529969e-02
1439	5.624895057444177e-02
1440	5.624895057359316e-02
1441	5.624895057275378e-02
1442	5.624895057192356e-02
1443	5.624895057110229e-02
1444	5.624895057028999e-02
1445	5.624895056948648e-02
1446	5.624895056869168e-02
1447	5.624895056790555e-02
1448	5.624895056712795e-02
1449	5.624895056635874e-02
1450	5.624895056559795e-02
1451	5.624895056484538e-02
1452	5.624895056410101e-02
1453	5.624895056336469e-02
1454	5.624895056263639e-02
1455	5.624895056191596e-02
1456	5.624895056120337e-02
1457	5.624895056049847e-02
1458	5.624895055980124e-02
1459	5.624895055911160e-02
1460	5.624895055842938e-02
1461	5.624895055775462e-02
1462	5.624895055708713e-02
1463	5.624895055642690e-02
1464	5.624895055577384e-02
1465	5.624895055512782e-02
1466	5.624895055448884e-02
1467	5.624895055385678e-02
1468	5.624895055323155e-02
1469	5.624895055261309e-02
1470	5.624895055200133e-02
1471	5.624895055139624e-02
1472	5.624895055079767e-02
1473	5.624895055020560e-02
1474	5.624895054961993e-02
1475	5.624895054904062e-02
1476	5.624895054846757e-02
1477	5.624895054790073e-02
1478	5.624895054734003e-02
1479	5.624895054678539e-02
1480	5.624895054623674e-02
1481	5.624895054569405e-02
1482	5.624895054515724e-02
1483	5.624895054462624e-02
1484	5.624895054410097e-02
1485	5.624895054358140e-02
1486	5.624895054306745e-02
1487	5.624895054255904e-02
1488	5.624895054205616e-02
1489	5.624895054155872e-02
1490	5.624895054106664e-02
1491	5.624895054057987e-02
1492	5.624895054009839e-02
1493	5.624895053962209e-02
1494	5.624895053915098e-02
1495	5.624895053868492e-02
1496	5.624895053822393e-02
1497	5.624895053776791e-02
1498	5.624895053731684e-02
1499	5.624895053687060e-02
1500	5.624895053642920e-02
1501	5.624895053599258e-02
1502	5.624895053556067e-02
1503	5.624895053513344e-02
1504	5.624895053471080e-02
1505	5.624895053429277e-02
1506	5.624895053387924e-02
1507	5.624895053347014e-02
1508	5.624895053306551e-02
1509	5.624895053266520e-02
1510	5.624895053226923e-02
1511	5.624895053187753e-02
1512	5.624895053149010e-02
1513	5.624895053110683e-02
1514	5.624895053072767e-02
1515	5.624895053035264e-02
1516	5.624895052998162e-02
1517	5.624895052961465e-02
1518	5.624895052925160e-02
1519	5.624895052889249e-02
1520	5.624895052853724e-02
1521	5.624895052818585e-02
1522	5.624895052783822e-02
1523	5.624895052749435e-02
1524	5.624895052715419e-02
1525	5.624895052681769e-02
1526	5.624895052648481e-02
1527	5.624895052615557e-02
1528	5.624895052582984e-02
1529	5.624895052550760e-02
1530	5.624895052518890e-02
1531	5.624895052487359e-02
1532	5.624895052456169e-02
1533	5.624895052425315e-02
1534	5.624895052394792e-02
1535	5.624895052364602e-02
1536	5.624895052334735e-02
1537	5.624895052305189e-02
1538	5.624895052275958e-02
1539	5.624895052247048e-02
1540	5.624895052218448e-02
1541	5.624895052190156e-02
1542	5.624895052162166e-02
1543	5.624895052134481e-02
1544	5.624895052107094e-02
1545	5.624895052079998e-02
1546	5.624895052053197e-02
1547	5.624895052026684e-02
1548	5.624895052000460e-02
1549	5.624895051974513e-02
1550	5.624895051948846e-02
1551	5.624895051923458e-02
1552	5.624895051898342e-02
1553	5.624895051873495e-02
1554	5.624895051848915e-02
1555	5.624895051824603e-02
1556	5.624895051800553e-02
1557	5.624895051776756e-02
1558	5.624895051753220e-02
1559	5.624895051729933e-02
1560	5.624895051706902e-02
1561	5.624895051684117e-02
1562	5.624895051661574e-02
1563	5.624895051639275e-02
1564	5.624895051617218e-02
1565	5.624895051595395e-02
1566	5.624895051573811e-02
1567	5.624895051552456e-02
1568	5.624895051531330e-02
1569	5.624895051510431e-02
1570	5.624895051489757e-02
1571	5.624895051469306e-02
1572	5.624895051449075e-02
1573	5.624895051429062e-02
1574	5.624895051409265e-02
1575	5.624895051389679e-02
1576	5.624895051370303e-02
1577	5.624895051351135e-02
1578	5.624895051332174e-02
1579	5.624895051313415e-02
1580	5.624895051294861e-02
1581	5.624895051276503e-02
1582	5.624895051258341e-02
1583	5.624895051240379e-02
1584	5.624895051222607e-02
1585	5.624895051205028e-02
1586	5.624895051187635e-02
1587	5.624895051170430e-02
1588	5.624895051153407e-02
1589	5.624895051136570e-02
1590	5.624895051119914e-02
1591	5.624895051103435e-02
1592	5.624895051087137e-02
1593	5.624895051071008e-02
1594	5.624895051055058e-02
1595	5.624895051039275e-02
1596	5.624895051023661e-02
1597	5.624895051008216e-02
1598	5.624895050992937e-02
1599	5.624895050977820e-02
1600	5.624895050962869e-02
1601	5.624895050948075e-02
1602	5.624895050933443e-02
1603	5.624895050918964e-02
1604	5.624895050904642e-02
1605	5.624895050890476e-02
1606	5.624895050876461e-02
1607	5.624895050862594e-02
1608	5.624895050848877e-02
1609	5.624895050835305e-02
1610	5.624895050821885e-02
1611	5.624895050808600e-02
1612	5.624895050795465e-02
1613	5.624895050782463e-02
1614	5.624895050769607e-02
1615	5.624895050756886e-02
1616	5.624895050744305e-02
1617	5.624895050731855e-02
1618	5.624895050719537e-02
1619	5.624895050707358e-02
1620	5.624895050695304e-02
1621	5.624895050683380e-02
1622	5.624895050671583e-02
1623	5.624895050659914e-02
1624	5.624895050648369e-02
1625	5.624895050636947e-02
1626	5.624895050625649e-02
1627	5.624895050614472e-02
1628	5.624895050603414e-02
1629	5.624895050592478e-02
1630	5.624895050581655e-02
1631	5.624895050570947e-02
1632	5.624895050560352e-02
1633	5.624895050549875e-02
1634	5.624895050539511e-02
1635	5.624895050529256e-02
1636	5.624895050519111e-02
1637	5.624895050509077e-02
1638	5.624895050499145e-02
1639	5.624895050489323e-02
1640	5.624895050479606e-02
1641	5.624895050469990e-02
1642	5.624895050460481e-02
1643	5.624895050451070e-02
1644	5.624895050441766e-02
1645	5.624895050432556e-02
1646	5.624895050423443e-02
1647	5.624895050414430e-02
1648	5.624895050405516e-02
1649	5.624895050396696e-02
1650	5.624895050387968e-02
1651	5.624895050379333e-02
1652	5.624895050370792e-02
1653	5.624895050362343e-02
1654	5.624895050353985e-02
1655	5.624895050345717e-02
1656	5.624895050337533e-02
1657	5.624895050329443e-02
1658	5.624895050321434e-02
1659	5.624895050313514e-02
1660	5.624895050305675e-02
1661	5.624895050297921e-02
1662	5.624895050290252e-02
1663	5.624895050282665e-02
1664	5.624895050275158e-02
1665	5.624895050267732e-02
1666	5.624895050260382e-02
1667	5.624895050253115e-02
1668	5.624895050245925e-02
1669	5.624895050238810e-02
1670	5.624895050231773e-02
1671	5.624895050224808e-02
1672	5.624895050217922e-02
1673	5.624895050211108e-02
1674	5.624895050204365e-02
1675	5.624895050197693e-02
1676	5.624895050191094e-02
1677	5.624895050184567e-02
1678	5.624895050178105e-02
1679	5.624895050171717e-02
1680	5.624895050165395e-02
1681	5.624895050159141e-02
1682	5.624895050152957e-02
1683	5.624895050146835e-02
1684	5.624895050140780e-02
1685	5.624895050134790e-02
1686	5.624895050128860e-02
1687	5.624895050122998e-02
1688	5.624895050117195e-02
1689	5.624895050111457e-02
1690	5.624895050105781e-02
1691	5.624895050100161e-02
1692	5.624895050094604e-02
1693	5.624895050089111e-02
1694	5.624895050083669e-02
1695	5.624895050078288e-02
1696	5.624895050072965e-02
1697	5.624895050067696e-02
1698	5.624895050062486e-02
1699	5.624895050057330e-02
1700	5.624895050052232e-02
1701	5.624895050047185e-02
1702	5.624895050042192e-02
1703	5.624895050037255e-02
1704	5.624895050032371e-02
1705	5.624895050027536e-02
1706	5.624895050022755e-02
1707	5.624895050018022e-02
1708	5.624895050013338e-02
1709	5.624895050008712e-02
1710	5.624895050004131e-02
1711	5.624895049999599e-02
1712	5.624895049995113e-02
1713	5.624895049990677e-02
1714	5.624895049986288e-02
1715	5.624895049981946e-02
1716	5.624895049977650e-02
1717	5.624895049973402e-02
1718	5.624895049969196e-02
1719	5.624895049965038e-02
1720	5.624895049960921e-02
1721	5.624895049956851e-02
1722	5.624895049952821e-02
1723	5.624895049948837e-02
1724	5.624895049944895e-02
1725	5.624895049940991e-02
1726	5.624895049937134e-02
1727	5.624895049933313e-02
1728	5.624895049929539e-02
1729	5.624895049925798e-02
1730	5.624895049922102e-02
1731	5.624895049918445e-02
1732	5.624895049914828e-02
1733	5.624895049911248e-02
1734	5.624895049907708e-02
1735	5.624895049904201e-02
1736	5.624895049900733e-02
1737	5.624895049897306e-02
1738	5.624895049893913e-02
1739	5.624895049890550e-02
1740	5.624895049887230e-02
1741	5.624895049883943e-02
1742	5.624895049880693e-02
1743	5.624895049877477e-02
1744	5.624895049874294e-02
1745	5.624895049871145e-02
1746	5.624895049868031e-02
1747	5.624895049864950e-02
1748	5.624895049861900e-02
1749	5.624895049858882e-02
1750	5.624895049855901e-02
1751	5.624895049852945e-02
1752	5.624895049850027e-02
1753	5.624895049847137e-02
1754	5.624895049844277e-02
1755	5.624895049841447e-02
1756	5.624895049838649e-02
1757	5.624895049835879e-02
1758	5.624895049833142e-02
1759	5.624895049830431e-02
1760	5.624895049827749e-02
1761	5.624895049825097e-02
1762	5.624895049822469e-02
1763	5.624895049819875e-02
1764	5.624895049817306e-02
1765	5.624895049814763e-02
1766	5.624895049812251e-02
1767	5.624895049809762e-02
1768	5.624895049807302e-02
1769	5.624895049804866e-02
1770	5.624895049802455e-02
1771	5.624895049800072e-02
1772	5.624895049797714e-02
1773	5.624895049795381e-02
1774	5.624895049793075e-02
1775	5.624895049790790e-02
1776	5.624895049788532e-02
1777	5.624895049786294e-02
1778	5.624895049784084e-02
1779	5.624895049781896e-02
1780	5.624895049779731e-02
1781	5.624895049777590e-02
1782	5.624895049775469e-02
1783	5.624895049773374e-02
1784	5.624895049771297e-02
1785	5.624895049769244e-02
1786	5.624895049767216e-02
1787	5.624895049765208e-02
1788	5.624895049763220e-02
1789	5.624895049761250e-02
1790	5.624895049759306e-02
1791	5.624895049757383e-02
1792	5.624895049755479e-02
1793	5.624895049753595e-02
1794	5.624895049751731e-02
1795	5.624895049749888e-02
1796	5.624895049748065e-02
1797	5.624895049746258e-02
1798	5.624895049744469e-02
1799	5.624895049742704e-02
1800	5.624895049740955e-02
1801	5.624895049739225e-02
1802	5.624895049737515e-02
1803	5.624895049735824e-02
1804	5.624895049734146e-02
1805	5.624895049732492e-02
1806	5.624895049730851e-02
1807	5.624895049729226e-02
1808	5.624895049727624e-02
1809	5.624895049726036e-02
1810	5.624895049724467e-02
1811	5.624895049722908e-02
1812	5.624895049721371e-02
1813	5.624895049719850e-02
1814	5.624895049718344e-02
1815	5.624895049716858e-02
1816	5.624895049715382e-02
1817	5.624895049713922e-02
1818	5.624895049712485e-02
1819	5.624895049711056e-02
1820	5.624895049709642e-02
1821	5.624895049708246e-02
1822	5.624895049706864e-02
1823	5.624895049705496e-02
1824	5.624895049704144e-02
1825	5.624895049702806e-02
1826	5.624895049701482e-02
1827	5.624895049700173e-02
1828	5.624895049698873e-02
1829	5.624895049697594e-02
1830	5.624895049696324e-02
1831	5.624895049695067e-02
1832	5.624895049693826e-02
1833	5.624895049692598e-02
1834	5.624895049691384e-02
1835	5.624895049690180e-02
1836	5.624895049688986e-02
1837	5.624895049687813e-02
1838	5.624895049686645e-02
1839	5.624895049685493e-02
1840	5.624895049684352e-02
1841	5.624895049683223e-02
1842	5.624895049682110e-02
1843	5.624895049681003e-02
1844	5.624895049679910e-02
1845	5.624895049678827e-02
1846	5.624895049677758e-02
1847	5.624895049676704e-02
1848	5.624895049675654e-02
1849	5.624895049674618e-02
1850	5.624895049673595e-02
1851	5.624895049672577e-02
1852	5.624895049671578e-02
1853	5.624895049670584e-02
1854	5.624895049669600e-02
1855	5.624895049668626e-02
1856	5.624895049667670e-02
1857	5.624895049666719e-02
1858	5.624895049665778e-02
1859	5.624895049664844e-02
1860	5.624895049663924e-02
1861	5.624895049663010e-02
1862	5.624895049662109e-02
1863	5.624895049661215e-02
1864	5.624895049660336e-02
1865	5.624895049659460e-02
1866	5.624895049658596e-02
1867	5.624895049657743e-02
1868	5.624895049656895e-02
1869	5.624895049656058e-02
1870	5.624895049655233e-02
1871	5.624895049654412e-02
1872	5.624895049653601e-02
1873	5.624895049652801e-02
1874	5.624895049652005e-02
1875	5.624895049651220e-02
1876	5.624895049650443e-02
1877	5.624895049649676e-02
1878	5.624895049648914e-02
1879	5.624895049648163e-02
1880	5.624895049647419e-02
1881	5.624895049646680e-02
1882	5.624895049645950e-02
1883	5.624895049645233e-02
1884	5.624895049644519e-02
1885	5.624895049643815e-02
1886	5.624895049643114e-02
1887	5.624895049642423e-02
1888	5.624895049641739e-02
1889	5.624895049641065e-02
1890	5.624895049640392e-02
1891	5.624895049639735e-02
1892	5.624895049639076e-02
1893	5.624895049638431e-02
1894	5.624895049637789e-02
1895	5.624895049637155e-02
1896	5.624895049636527e-02
1897	5.624895049635905e-02
1898	5.624895049635292e-02
1899	5.624895049634685e-02
1900	5.624895049634079e-02
1901	5.624895049633485e-02
1902	5.624895049632897e-02
1903	5.624895049632313e-02
1904	5.624895049631740e-02
1905	5.624895049631170e-02
1906	5.624895049630606e-02
1907	5.624895049630045e-02
1908	5.624895049629491e-02
1909	5.624895049628946e-02
1910	5.624895049628403e-02
1911	5.624895049627875e-02
1912	5.624895049627343e-02
1913	5.624895049626819e-02
1914	5.624895049626302e-02
1915	5.624895049625790e-02
1916	5.624895049625281e-02
1917	5.624895049624781e-02
1918	5.624895049624282e-02
1919	5.624895049623792e-02
1920	5.624895049623304e-02
1921	5.624895049622822e-02
1922	5.624895049622347e-02
1923	5.624895049621878e-02
1924	5.624895049621411e-02
1925	5.624895049620948e-02
1926	5.624895049620493e-02
1927	5.624895049620045e-02
1928	5.624895049619598e-02
1929	5.624895049619153e-02
1930	5.624895049618717e-02
1931	5.624895049618286e-02
1932	5.624895049617858e-02
1933	5.624895049617437e-02
1934	5.624895049617015e-02
1935	5.624895049616602e-02
1936	5.624895049616190e-02
1937	5.624895049615787e-02
1938	5.624895049615387e-02
1939	5.624895049614989e-02
1940	5.624895049614597e-02
1941	5.624895049614206e-02
1942	5.624895049613824e-02
1943	5.624895049613443e-02
1944	5.624895049613066e-02
1945	5.624895049612694e-02
1946	5.624895049612325e-02
1947	5.624895049611961e-02
1948	5.624895049611598e-02
1949	5.624895049611243e-02
1950	5.624895049610886e-02
1951	5.624895049610538e-02
1952	5.624895049610192e-02
1953	5.624895049609852e-02
1954	5.624895049609513e-02
1955	5.624895049609178e-02
1956	5.624895049608846e-02
1957	5.624895049608516e-02
1958	5.624895049608195e-02
1959	5.624895049607873e-02
1960	5.624895049607555e-02
1961	5.624895049607240e-02
1962	5.624895049606932e-02
1963	5.624895049606626e-02
1964	5.624895049606318e-02
1965	5.624895049606018e-02
1966	5.624895049605720e-02
1967	5.624895049605425e-02
1968	5.624895049605132e-02
1969	5.624895049604844e-02
1970	5.624895049604559e-02
1971	5.624895049604278e-02
1972	5.624895049603999e-02
1973	5.624895049603721e-02
1974	5.624895049603446e-02
1975	5.624895049603176e-02
1976	5.624895049602907e-02
1977	5.624895049602645e-02
1978	5.624895049602383e-02
1979	5.624895049602123e-02
1980	5.624895049601866e-02
1981	5.624895049601610e-02
1982	5.624895049601358e-02
1983	5.624895049601113e-02
1984	5.624895049600868e-02
1985	5.624895049600620e-02
1986	5.624895049600380e-02
1987	5.624895049600143e-02
1988	5.624895049599907e-02
1989	5.624895049599675e-02
1990	5.624895049599443e-02
1991	5.624895049599216e-02
1992	5.624895049598989e-02
1993	5.624895049598763e-02
1994	5.624895049598545e-02
1995	5.624895049598325e-02
1996	5.624895049598107e-02
1997	5.624895049597893e-02
1998	5.624895049597685e-02
1999	5.624895049597471e-02
2000	5.624895049597264e-02
