CART_MODEL_V1
PARAMS 5 2 1 1.000000000000000e-07 10 19 4
NODE 0 6.137268246491168e-01 1 6.071964017991005e-01 667 405 262 4.770178628826516e-01
NODE 1 -3.306037371785098e-02 -1 7.633587786259542e-03 262 2 260 1.515063224753810e-02
NODE 8 -1.016687049326084e+00 -1 3.891050583657588e-03 257 1 256 7.751820618026040e-03
NODE 8 -1.019235887724798e+00 -1 1.492537313432836e-02 67 1 66 2.940521274225905e-02
LEAF -1 0.000000000000000e+00 66 0 66 0.000000000000000e+00
LEAF 1 1.000000000000000e+00 1 1 0 0.000000000000000e+00
LEAF -1 0.000000000000000e+00 190 0 190 0.000000000000000e+00
NODE 0 2.261653549960722e-01 -1 2.000000000000000e-01 5 1 4 3.199999999999998e-01
LEAF 1 1.000000000000000e+00 1 1 0 0.000000000000000e+00
LEAF -1 0.000000000000000e+00 4 0 4 0.000000000000000e+00
NODE 8 6.997359216279653e-01 1 9.950617283950617e-01 405 403 2 9.827770156988436e-03
NODE 0 1.357922836404585e+00 1 9.285714285714286e-01 14 13 1 1.326530612244898e-01
LEAF 1 1.000000000000000e+00 13 13 0 0.000000000000000e+00
LEAF -1 0.000000000000000e+00 1 0 1 0.000000000000000e+00
NODE 7 -3.803964360922005e-01 1 9.974424552429667e-01 391 390 1 5.102007443698042e-03
NODE 7 -3.933200500229321e-01 1 9.666666666666667e-01 30 29 1 6.444444444444453e-02
LEAF 1 1.000000000000000e+00 29 29 0 0.000000000000000e+00
LEAF -1 0.000000000000000e+00 1 0 1 0.000000000000000e+00
LEAF 1 1.000000000000000e+00 361 361 0 0.000000000000000e+00
