x	c_h	c_m	g_h	g_m	l_h	l_m	s_h	s_m	t_h	t_m
-2.500	0.0000	0.0000	0.0000	0.0000	0.0000	0.0000	0.0000	0.0000	0.0000	0.0535
-2.449	0.0000	0.0000	0.0000	0.0002	0.0000	0.0000	0.0000	0.0000	0.0000	0.1036
-2.399	0.0000	0.0000	0.0000	0.0014	0.0000	0.0000	0.0000	0.0000	0.0000	0.1525
-2.348	0.0000	0.0000	0.0000	0.0059	0.0000	0.0000	0.0000	0.0000	0.0000	0.1824
-2.298	0.0000	0.0000	0.0000	0.0190	0.0000	0.0000	0.0000	0.0000	0.0000	0.1894
-2.247	0.0000	0.0000	0.0000	0.0474	0.0000	0.0000	0.0000	0.0000	0.0000	0.1873
-2.197	0.0000	0.0000	0.0000	0.0951	0.0000	0.0000	0.0000	0.0000	0.0000	0.2053
-2.146	0.0000	0.0004	0.0000	0.1566	0.0000	0.0000	0.0000	0.0000	0.0000	0.2697
-2.096	0.0000	0.0029	0.0000	0.2162	0.0000	0.0000	0.0000	0.0000	0.0000	0.3772
-2.045	0.0000	0.0129	0.0000	0.2618	0.0000	0.0000	0.0000	0.0000	0.0000	0.5050
-1.995	0.0000	0.0401	0.0000	0.2956	0.0000	0.0000	0.0000	0.0000	0.0000	0.6317
-1.944	0.0000	0.0888	0.0000	0.3283	0.0000	0.0000	0.0000	0.0000	0.0000	0.7378
-1.894	0.0000	0.1474	0.0000	0.3743	0.0000	0.0000	0.0000	0.0000	0.0000	0.8142
-1.843	0.0000	0.2028	0.0000	0.4434	0.0000	0.0001	0.0000	0.0000	0.0000	0.8751
-1.793	0.0000	0.2615	0.0000	0.5407	0.0000	0.0008	0.0000	0.0000	0.0000	0.9329
-1.742	0.0000	0.3322	0.0000	0.6650	0.0000	0.0050	0.0000	0.0004	0.0003	0.9758
-1.692	0.0000	0.4059	0.0000	0.7850	0.0000	0.0207	0.0000	0.0026	0.0015	1.0020
-1.641	0.0000	0.4856	0.0000	0.8511	0.0000	0.0621	0.0000	0.0117	0.0044	1.0359
-1.591	0.0000	0.5993	0.0000	0.8676	0.0000	0.1399	0.0000	0.0393	0.0089	1.0799
-1.540	0.0000	0.7632	0.0000	0.9008	0.0000	0.2502	0.0000	0.0998	0.0121	1.0940
-1.490	0.0000	0.9591	0.0000	0.9889	0.0000	0.3764	0.0000	0.1965	0.0109	1.0492
-1.439	0.0000	1.1494	0.0000	1.0964	0.0001	0.5053	0.0000	0.3134	0.0067	0.9721
-1.389	0.0000	1.2970	0.0002	1.1680	0.0004	0.6512	0.0001	0.4245	0.0027	0.9076
-1.338	0.0000	1.3863	0.0008	1.1738	0.0018	0.8644	0.0004	0.5140	0.0007	0.8556
-1.288	0.0000	1.4287	0.0029	1.1209	0.0050	1.1822	0.0016	0.5979	0.0001	0.7759
-1.237	0.0000	1.4397	0.0069	1.0561	0.0096	1.5557	0.0047	0.7407	0.0000	0.6394
-1.187	0.0000	1.4070	0.0111	1.0144	0.0122	1.8686	0.0093	1.0099	0.0000	0.4647
-1.136	0.0002	1.3028	0.0120	0.9603	0.0104	2.0392	0.0121	1.3777	0.0003	0.3092
-1.086	0.0008	1.1268	0.0087	0.8341	0.0060	2.0516	0.0107	1.7119	0.0013	0.2194
-1.035	0.0029	0.9181	0.0042	0.6410	0.0023	1.9038	0.0063	1.9094	0.0040	0.1906
-0.985	0.0069	0.7209	0.0014	0.4432	0.0006	1.6126	0.0025	1.9646	0.0085	0.1795
-0.934	0.0111	0.5529	0.0003	0.2898	0.0001	1.2469	0.0007	1.8815	0.0119	0.1545
-0.884	0.0120	0.4122	0.0001	0.1947	0.0000	0.8983	0.0001	1.6489	0.0113	0.1248
-0.833	0.0087	0.3001	0.0001	0.1525	0.0000	0.6260	0.0000	1.3156	0.0072	0.1124
-0.783	0.0044	0.2234	0.0004	0.1491	0.0000	0.4360	0.0000	0.9814	0.0032	0.1143
-0.732	0.0022	0.1838	0.0018	0.1623	0.0000	0.2987	0.0000	0.7135	0.0017	0.1107
-0.682	0.0032	0.1666	0.0051	0.1684	0.0000	0.1917	0.0000	0.5165	0.0033	0.0960
-0.631	0.0069	0.1506	0.0096	0.1524	0.0000	0.1150	0.0000	0.3657	0.0080	0.0853
-0.581	0.0111	0.1324	0.0124	0.1168	0.0000	0.0680	0.0000	0.2468	0.0146	0.0910
-0.530	0.0120	0.1203	0.0114	0.0791	0.0000	0.0391	0.0000	0.1611	0.0197	0.1026
-0.480	0.0087	0.1109	0.0096	0.0552	0.0000	0.0193	0.0000	0.1085	0.0203	0.0965
-0.429	0.0043	0.0948	0.0114	0.0523	0.0000	0.0073	0.0000	0.0781	0.0159	0.0694
-0.379	0.0016	0.0760	0.0169	0.0670	0.0000	0.0020	0.0000	0.0546	0.0093	0.0446
-0.328	0.0015	0.0642	0.0213	0.0858	0.0000	0.0004	0.0000	0.0320	0.0039	0.0410
-0.278	0.0045	0.0587	0.0204	0.0930	0.0000	0.0000	0.0000	0.0141	0.0013	0.0527
-0.227	0.0112	0.0536	0.0144	0.0806	0.0000	0.0000	0.0000	0.0045	0.0013	0.0621
-0.177	0.0194	0.0474	0.0073	0.0539	0.0000	0.0000	0.0000	0.0010	0.0036	0.0590
-0.126	0.0234	0.0415	0.0027	0.0275	0.0000	0.0000	0.0000	0.0002	0.0082	0.0452
-0.076	0.0196	0.0362	0.0008	0.0137	0.0000	0.0000	0.0000	0.0000	0.0134	0.0298
-0.025	0.0115	0.0314	0.0008	0.0132	0.0000	0.0000	0.0000	0.0000	0.0171	0.0216
0.025	0.0049	0.0280	0.0031	0.0182	0.0003	0.0000	0.0001	0.0000	0.0192	0.0207
0.076	0.0026	0.0247	0.0092	0.0206	0.0016	0.0000	0.0004	0.0000	0.0219	0.0196
0.126	0.0044	0.0202	0.0192	0.0206	0.0060	0.0003	0.0018	0.0000	0.0280	0.0141
0.177	0.0091	0.0186	0.0301	0.0259	0.0154	0.0017	0.0054	0.0000	0.0415	0.0082
0.227	0.0151	0.0250	0.0417	0.0387	0.0277	0.0055	0.0112	0.0000	0.0653	0.0072
0.278	0.0242	0.0369	0.0608	0.0495	0.0349	0.0122	0.0177	0.0003	0.0952	0.0120
0.328	0.0441	0.0455	0.0907	0.0482	0.0312	0.0182	0.0234	0.0016	0.1194	0.0179
0.379	0.0786	0.0444	0.1211	0.0354	0.0218	0.0183	0.0271	0.0054	0.1281	0.0186
0.429	0.1156	0.0344	0.1374	0.0196	0.0172	0.0123	0.0262	0.0121	0.1289	0.0130
0.480	0.1379	0.0207	0.1398	0.0081	0.0208	0.0057	0.0206	0.0182	0.1461	0.0061
0.530	0.1476	0.0093	0.1467	0.0024	0.0257	0.0025	0.0162	0.0183	0.1949	0.0020
0.581	0.1680	0.0030	0.1766	0.0006	0.0258	0.0038	0.0187	0.0124	0.2675	0.0011
0.631	0.2216	0.0009	0.2331	0.0008	0.0249	0.0099	0.0253	0.0056	0.3461	0.0030
0.682	0.3081	0.0011	0.3086	0.0029	0.0320	0.0205	0.0295	0.0017	0.4101	0.0082
0.732	0.4006	0.0038	0.3821	0.0082	0.0530	0.0332	0.0314	0.0003	0.4419	0.0153
0.783	0.4658	0.0096	0.4229	0.0153	0.0926	0.0444	0.0369	0.0001	0.4520	0.0192
0.833	0.4988	0.0165	0.4222	0.0192	0.1566	0.0497	0.0506	0.0000	0.4809	0.0161
0.884	0.5343	0.0191	0.4184	0.0161	0.2519	0.0469	0.0794	0.0003	0.5532	0.0091
0.934	0.6130	0.0149	0.4644	0.0091	0.3847	0.0413	0.1334	0.0018	0.6503	0.0034
0.985	0.7448	0.0081	0.5711	0.0035	0.5509	0.0413	0.2167	0.0070	0.7414	0.0009
1.035	0.9157	0.0046	0.7075	0.0011	0.7329	0.0509	0.3295	0.0184	0.8207	0.0006
1.086	1.1010	0.0066	0.8457	0.0015	0.9151	0.0665	0.4763	0.0329	0.9022	0.0023
1.136	1.2651	0.0129	0.9686	0.0047	1.0862	0.0747	0.6524	0.0417	0.9962	0.0068
1.187	1.3796	0.0185	1.0534	0.0111	1.2338	0.0639	0.8317	0.0425	1.0895	0.0138
1.237	1.4304	0.0179	1.0928	0.0176	1.3625	0.0402	0.9851	0.0456	1.1366	0.0189
1.288	1.4033	0.0117	1.1136	0.0187	1.4849	0.0211	1.1020	0.0585	1.1043	0.0173
1.338	1.3055	0.0051	1.1298	0.0134	1.5767	0.0155	1.1952	0.0742	1.0190	0.0106
1.389	1.1778	0.0015	1.1140	0.0064	1.5884	0.0183	1.2867	0.0800	0.9301	0.0044
1.439	1.0529	0.0003	1.0478	0.0021	1.5091	0.0190	1.3787	0.0716	0.8568	0.0012
1.490	0.9332	0.0000	0.9516	0.0004	1.3721	0.0139	1.4459	0.0555	0.7948	0.0002
1.540	0.8074	0.0000	0.8539	0.0001	1.1979	0.0069	1.4597	0.0416	0.7332	0.0000
1.591	0.6653	0.0000	0.7645	0.0000	0.9893	0.0023	1.4140	0.0336	0.6630	0.0000
1.641	0.5172	0.0000	0.6855	0.0000	0.7706	0.0005	1.3229	0.0291	0.5897	0.0000
1.692	0.3895	0.0000	0.6168	0.0000	0.5750	0.0001	1.1935	0.0240	0.5263	0.0000
1.742	0.2890	0.0000	0.5494	0.0000	0.4187	0.0000	1.0163	0.0160	0.4703	0.0000
1.793	0.2024	0.0000	0.4765	0.0000	0.3118	0.0000	0.7949	0.0078	0.4105	0.0000
1.843	0.1259	0.0000	0.4037	0.0000	0.2535	0.0000	0.5668	0.0026	0.3459	0.0000
1.894	0.0673	0.0000	0.3339	0.0000	0.2146	0.0000	0.3780	0.0006	0.2780	0.0000
1.944	0.0300	0.0000	0.2623	0.0000	0.1651	0.0000	0.2520	0.0001	0.2041	0.0000
1.995	0.0108	0.0000	0.1900	0.0000	0.1069	0.0000	0.1895	0.0000	0.1324	0.0000
2.045	0.0030	0.0000	0.1243	0.0000	0.0594	0.0000	0.1739	0.0000	0.0799	0.0000
2.096	0.0006	0.0000	0.0710	0.0000	0.0301	0.0000	0.1721	0.0000	0.0502	0.0000
2.146	0.0001	0.0000	0.0334	0.0000	0.0141	0.0000	0.1522	0.0000	0.0338	0.0000
2.197	0.0000	0.0000	0.0122	0.0000	0.0056	0.0000	0.1086	0.0000	0.0238	0.0000
2.247	0.0000	0.0000	0.0033	0.0000	0.0017	0.0000	0.0610	0.0000	0.0175	0.0000
2.298	0.0000	0.0000	0.0006	0.0000	0.0004	0.0000	0.0273	0.0000	0.0120	0.0000
2.348	0.0000	0.0000	0.0001	0.0000	0.0001	0.0000	0.0099	0.0000	0.0065	0.0000
2.399	0.0000	0.0000	0.0000	0.0000	0.0000	0.0000	0.0028	0.0000	0.0025	0.0000
2.449	0.0000	0.0000	0.0000	0.0000	0.0000	0.0000	0.0006	0.0000	0.0007	0.0000
2.500	0.0000	0.0000	0.0000	0.0000	0.0000	0.0000	0.0001	0.0000	0.0001	0.0000
