x	c_h	c_m	g_h	g_m	l_h	l_m	s_h	s_m	t_h	t_m
-0.500	0.0113	0.0141	0.0092	0.0035	0.0000	0.0026	0.0000	0.0218	0.0225	0.0029
-0.469	0.0077	0.0232	0.0078	0.0080	0.0000	0.0057	0.0000	0.0190	0.0212	0.0064
-0.437	0.0042	0.0331	0.0091	0.0155	0.0000	0.0108	0.0000	0.0136	0.0178	0.0117
-0.406	0.0019	0.0419	0.0129	0.0258	0.0000	0.0166	0.0000	0.0079	0.0130	0.0175
-0.375	0.0008	0.0479	0.0179	0.0375	0.0000	0.0210	0.0000	0.0038	0.0081	0.0214
-0.343	0.0006	0.0498	0.0221	0.0482	0.0000	0.0217	0.0000	0.0015	0.0042	0.0214
-0.312	0.0011	0.0467	0.0239	0.0548	0.0000	0.0184	0.0000	0.0005	0.0019	0.0176
-0.281	0.0029	0.0391	0.0225	0.0546	0.0000	0.0127	0.0000	0.0001	0.0007	0.0119
-0.249	0.0065	0.0292	0.0184	0.0473	0.0000	0.0072	0.0000	0.0000	0.0004	0.0071
-0.218	0.0121	0.0205	0.0130	0.0358	0.0000	0.0034	0.0000	0.0000	0.0008	0.0047
-0.187	0.0187	0.0159	0.0078	0.0250	0.0000	0.0013	0.0000	0.0000	0.0021	0.0054
-0.156	0.0243	0.0162	0.0039	0.0191	0.0000	0.0004	0.0000	0.0000	0.0045	0.0091
-0.124	0.0263	0.0199	0.0017	0.0187	0.0000	0.0001	0.0000	0.0000	0.0081	0.0147
-0.093	0.0240	0.0240	0.0006	0.0211	0.0000	0.0000	0.0000	0.0000	0.0122	0.0199
-0.062	0.0182	0.0265	0.0002	0.0224	0.0000	0.0000	0.0000	0.0000	0.0155	0.0224
-0.030	0.0116	0.0276	0.0003	0.0203	0.0000	0.0000	0.0000	0.0000	0.0175	0.0215
0.001	0.0062	0.0289	0.0008	0.0155	0.0000	0.0000	0.0000	0.0000	0.0184	0.0191
0.032	0.0029	0.0315	0.0023	0.0106	0.0001	0.0000	0.0000	0.0000	0.0191	0.0189
0.064	0.0015	0.0349	0.0057	0.0086	0.0005	0.0000	0.0001	0.0000	0.0204	0.0237
0.095	0.0017	0.0382	0.0114	0.0122	0.0016	0.0000	0.0004	0.0000	0.0224	0.0335
0.126	0.0034	0.0413	0.0191	0.0228	0.0042	0.0000	0.0011	0.0000	0.0258	0.0458
0.158	0.0065	0.0447	0.0268	0.0404	0.0094	0.0000	0.0028	0.0002	0.0320	0.0573
0.189	0.0104	0.0487	0.0329	0.0620	0.0174	0.0000	0.0058	0.0006	0.0427	0.0650
0.220	0.0142	0.0531	0.0379	0.0820	0.0272	0.0000	0.0100	0.0021	0.0586	0.0671
0.252	0.0175	0.0570	0.0454	0.0954	0.0356	0.0000	0.0146	0.0056	0.0787	0.0626
0.283	0.0219	0.0595	0.0589	0.0997	0.0394	0.0000	0.0187	0.0126	0.1003	0.0523
0.314	0.0312	0.0611	0.0794	0.0947	0.0366	0.0001	0.0223	0.0240	0.1191	0.0401
0.345	0.0490	0.0641	0.1034	0.0825	0.0288	0.0003	0.0256	0.0387	0.1306	0.0324
0.377	0.0753	0.0719	0.1252	0.0666	0.0201	0.0009	0.0284	0.0543	0.1323	0.0354
0.408	0.1046	0.0854	0.1395	0.0523	0.0146	0.0027	0.0294	0.0684	0.1269	0.0515
0.439	0.1285	0.1009	0.1436	0.0447	0.0143	0.0067	0.0271	0.0810	0.1227	0.0765
0.471	0.1417	0.1126	0.1399	0.0462	0.0187	0.0141	0.0219	0.0960	0.1296	0.1004
0.502	0.1448	0.1174	0.1358	0.0572	0.0247	0.0250	0.0163	0.1189	0.1531	0.1124
0.533	0.1444	0.1189	0.1393	0.0764	0.0284	0.0386	0.0133	0.1544	0.1917	0.1088
0.565	0.1492	0.1237	0.1552	0.1023	0.0280	0.0540	0.0147	0.2049	0.2394	0.0951
0.596	0.1673	0.1354	0.1832	0.1311	0.0247	0.0730	0.0199	0.2700	0.2910	0.0821
0.627	0.2035	0.1507	0.2212	0.1567	0.0222	0.1004	0.0261	0.3471	0.3432	0.0781
0.659	0.2576	0.1631	0.2681	0.1727	0.0235	0.1416	0.0300	0.4337	0.3920	0.0849
0.690	0.3232	0.1694	0.3219	0.1762	0.0301	0.1983	0.0306	0.5306	0.4301	0.0986
0.721	0.3894	0.1736	0.3761	0.1690	0.0421	0.2664	0.0298	0.6443	0.4496	0.1122
0.753	0.4444	0.1851	0.4191	0.1563	0.0602	0.3412	0.0308	0.7855	0.4505	0.1194
0.784	0.4797	0.2121	0.4398	0.1438	0.0864	0.4243	0.0349	0.9629	0.4447	0.1174
0.815	0.4952	0.2565	0.4354	0.1381	0.1221	0.5260	0.0417	1.1764	0.4501	0.1100
0.846	0.5009	0.3164	0.4157	0.1456	0.1684	0.6595	0.0514	1.4124	0.4794	0.1059
0.878	0.5137	0.3889	0.4002	0.1713	0.2271	0.8333	0.0670	1.6426	0.5328	0.1137
0.909	0.5483	0.4720	0.4096	0.2179	0.3010	1.0461	0.0933	1.8306	0.5999	0.1350
0.940	0.6095	0.5641	0.4539	0.2870	0.3925	1.2870	0.1328	1.9495	0.6671	0.1621
0.972	0.6931	0.6650	0.5275	0.3804	0.4991	1.5358	0.1845	1.9977	0.7252	0.1830
1.003	0.7930	0.7785	0.6157	0.4984	0.6140	1.7653	0.2456	1.9941	0.7736	0.1900
1.034	0.9061	0.9075	0.7056	0.6356	0.7298	1.9467	0.3164	1.9518	0.8181	0.1867
1.066	1.0284	1.0472	0.7930	0.7768	0.8441	2.0615	0.4013	1.8597	0.8647	0.1873
1.097	1.1502	1.1841	0.8790	0.8976	0.9575	2.1086	0.5037	1.6957	0.9163	0.2093
1.128	1.2575	1.3018	0.9612	0.9761	1.0678	2.0967	0.6201	1.4597	0.9759	0.2651
1.160	1.3419	1.3872	1.0302	1.0087	1.1673	2.0286	0.7408	1.1894	1.0441	0.3566
1.191	1.4039	1.4350	1.0751	1.0158	1.2511	1.8961	0.8549	0.9413	1.1116	0.4740
1.222	1.4446	1.4506	1.0939	1.0279	1.3247	1.6951	0.9552	0.7575	1.1578	0.5981
1.254	1.4572	1.4473	1.0992	1.0637	1.4003	1.4441	1.0384	0.6462	1.1636	0.7080
1.285	1.4325	1.4366	1.1085	1.1187	1.4827	1.1833	1.1044	0.5866	1.1268	0.7902
1.316	1.3710	1.4198	1.1274	1.1713	1.5618	0.9547	1.1582	0.5480	1.0642	0.8423
1.347	1.2875	1.3901	1.1440	1.2003	1.6162	0.7817	1.2088	0.5068	0.9978	0.8719
1.379	1.2008	1.3387	1.1403	1.1969	1.6269	0.6617	1.2644	0.4531	0.9403	0.8930
1.410	1.1206	1.2606	1.1081	1.1636	1.5899	0.5749	1.3269	0.3864	0.8926	0.9211
1.441	1.0462	1.1562	1.0527	1.1051	1.5184	0.4992	1.3898	0.3108	0.8509	0.9670
1.473	0.9741	1.0326	0.9866	1.0279	1.4313	0.4217	1.4426	0.2318	0.8134	1.0275
1.504	0.9020	0.9010	0.9207	0.9468	1.3371	0.3402	1.4752	0.1574	0.7789	1.0841
1.535	0.8267	0.7724	0.8603	0.8843	1.2302	0.2585	1.4810	0.0957	0.7434	1.1153
1.567	0.7425	0.6567	0.8042	0.8574	1.1032	0.1817	1.4591	0.0514	0.7020	1.1116
1.598	0.6467	0.5625	0.7499	0.8623	0.9600	0.1156	1.4150	0.0241	0.6535	1.0810
1.629	0.5462	0.4942	0.6990	0.8735	0.8148	0.0650	1.3570	0.0098	0.6032	1.0420
1.661	0.4542	0.4470	0.6549	0.8597	0.6813	0.0316	1.2893	0.0034	0.5587	1.0118
1.692	0.3794	0.4074	0.6168	0.8058	0.5637	0.0131	1.2087	0.0010	0.5232	0.9975
1.723	0.3196	0.3630	0.5785	0.7208	0.4602	0.0046	1.1074	0.0003	0.4926	0.9911
1.755	0.2660	0.3126	0.5350	0.6279	0.3720	0.0013	0.9806	0.0001	0.4597	0.9772
1.786	0.2125	0.2649	0.4868	0.5461	0.3056	0.0003	0.8325	0.0000	0.4212	0.9470
1.817	0.1601	0.2273	0.4390	0.4808	0.2654	0.0001	0.6768	0.0000	0.3798	0.9061
1.848	0.1130	0.1976	0.3951	0.4278	0.2451	0.0000	0.5306	0.0000	0.3394	0.8667
1.880	0.0746	0.1669	0.3540	0.3837	0.2301	0.0000	0.4059	0.0000	0.2999	0.8335
1.911	0.0457	0.1293	0.3117	0.3493	0.2069	0.0000	0.3076	0.0000	0.2568	0.7992
1.942	0.0256	0.0880	0.2661	0.3252	0.1715	0.0000	0.2360	0.0000	0.2078	0.7527
1.974	0.0129	0.0512	0.2189	0.3075	0.1297	0.0000	0.1907	0.0000	0.1568	0.6891
2.005	0.0057	0.0250	0.1733	0.2908	0.0905	0.0000	0.1698	0.0000	0.1118	0.6122
2.036	0.0022	0.0102	0.1318	0.2719	0.0599	0.0000	0.1679	0.0000	0.0790	0.5294
2.068	0.0007	0.0035	0.0950	0.2487	0.0390	0.0000	0.1753	0.0000	0.0585	0.4460
2.099	0.0002	0.0010	0.0634	0.2183	0.0253	0.0000	0.1799	0.0000	0.0458	0.3645
2.130	0.0000	0.0002	0.0383	0.1797	0.0159	0.0000	0.1719	0.0000	0.0365	0.2890
2.162	0.0000	0.0000	0.0204	0.1364	0.0092	0.0000	0.1483	0.0000	0.0287	0.2286
2.193	0.0000	0.0000	0.0094	0.0949	0.0046	0.0000	0.1140	0.0000	0.0230	0.1917
2.224	0.0000	0.0000	0.0037	0.0606	0.0020	0.0000	0.0783	0.0000	0.0195	0.1794
2.256	0.0000	0.0000	0.0012	0.0353	0.0007	0.0000	0.0485	0.0000	0.0168	0.1833
2.287	0.0000	0.0000	0.0004	0.0186	0.0002	0.0000	0.0275	0.0000	0.0136	0.1916
2.318	0.0000	0.0000	0.0001	0.0086	0.0001	0.0000	0.0143	0.0000	0.0097	0.1951
2.349	0.0000	0.0000	0.0000	0.0034	0.0000	0.0000	0.0068	0.0000	0.0058	0.1897
2.381	0.0000	0.0000	0.0000	0.0012	0.0000	0.0000	0.0028	0.0000	0.0028	0.1738
2.412	0.0000	0.0000	0.0000	0.0003	0.0000	0.0000	0.0010	0.0000	0.0012	0.1469
2.443	0.0000	0.0000	0.0000	0.0001	0.0000	0.0000	0.0003	0.0000	0.0004	0.1113
2.475	0.0000	0.0000	0.0000	0.0000	0.0000	0.0000	0.0001	0.0000	0.0001	0.0736
2.506	0.0000	0.0000	0.0000	0.0000	0.0000	0.0000	0.0000	0.0000	0.0000	0.0416
2.537	0.0000	0.0000	0.0000	0.0000	0.0000	0.0000	0.0000	0.0000	0.0000	0.0198
2.569	0.0000	0.0000	0.0000	0.0000	0.0000	0.0000	0.0000	0.0000	0.0000	0.0078
2.600	0.0000	0.0000	0.0000	0.0000	0.0000	0.0000	0.0000	0.0000	0.0000	0.0026
