g_val	t_val	c_val	l_val	s_val
1.1534	0.9110	1.0658	1.2941	1.3984
0.9917	1.0848	1.1677	1.6463	1.7091
1.0211	0.8796	0.8707	1.0357	1.1505
1.0096	0.8656	0.9451	1.1936	1.4576
1.9507	1.8159	1.7686	1.5550	1.6354
1.0454	1.0070	1.0800	1.1931	1.3012
1.3483	1.4089	1.3389	1.6432	1.7445
1.6912	1.8406	1.5746	1.7137	1.8275
1.3101	1.3231	1.3109	1.4134	1.4286
1.7130	1.8839	1.7941	2.0843	2.1742
1.6977	1.6437	1.5312	1.5324	1.7170
1.4311	1.2705	1.1927	1.3216	1.4324
0.8841	0.7224	0.7959	1.0260	1.1885
1.3297	1.3766	1.3726	1.6450	1.7392
1.2062	1.1951	1.1835	1.5063	1.6997
1.8865	1.9183	1.7499	1.4730	1.6473
1.3611	1.4639	1.2481	1.3541	1.4524
1.3477	1.3933	1.3120	1.3559	1.5816
1.8057	1.6783	1.5531	1.6009	1.7469
0.8312	0.8011	0.8386	1.1347	1.2062
0.9808	0.9197	0.9033	1.1485	1.2503
1.3769	0.9776	1.2196	1.0944	1.1930
0.8980	1.0070	1.0581	1.4915	1.5889
1.5552	1.6423	1.4452	1.5566	1.7590
1.4037	1.5788	1.4863	1.8965	2.1345
1.2995	1.2966	1.1571	1.3536	1.5299
1.3215	1.4707	1.3461	1.4509	1.5315
2.0880	2.2557	1.8910	1.9501	2.1627
1.0773	1.0576	1.0939	1.2583	1.2929
1.8607	1.6985	1.6325	1.3069	1.4042
0.3319	0.0812	0.4404	0.9668	1.0974
1.2400	1.1711	1.2507	1.2702	1.3894
0.7696	0.6923	0.7578	1.1076	1.3549
1.3500	1.2892	1.2338	1.4892	1.5942
1.2229	0.9711	1.1377	0.9844	1.0490
1.0996	1.1935	1.0897	1.1703	1.3567
1.3375	1.1971	1.2307	1.3851	1.4786
1.4219	1.4405	1.2796	1.5587	1.7050
1.5831	1.6053	1.4721	1.5081	1.5639
1.1923	1.1404	1.0983	1.1234	1.2680
1.1142	1.1884	1.0309	1.0460	1.1000
1.4053	1.3182	1.2175	1.3223	1.4780
1.5221	1.4762	1.3955	1.5856	1.7886
1.3610	1.1125	1.2266	1.3691	1.5308
0.9773	0.6616	0.9122	0.9494	1.1392
1.4691	1.2405	1.2615	1.3100	1.3697
1.7077	1.7996	1.5155	1.4281	1.5559
1.6268	1.5281	1.4745	1.4798	1.5987
1.2584	1.0619	1.2109	1.4161	1.6259
1.4540	1.5329	1.4498	1.5594	1.6809
0.4702	0.3084	0.5503	0.7636	0.9077
1.1097	0.9704	1.0273	1.1035	1.3009
1.7426	1.5319	1.5171	1.5256	1.6977
1.8042	1.6142	1.5070	1.5069	1.6255
1.2046	1.0553	1.1757	1.1695	1.3010
1.7219	1.7983	1.5356	1.5222	1.6923
1.1314	1.2307	1.1149	1.4402	1.5458
0.5800	0.6072	0.7623	1.3351	1.5085
1.0383	0.9696	1.0938	1.2027	1.2960
1.1185	1.2165	1.1098	1.0495	1.2252
0.8428	0.6858	0.8104	1.4201	1.6102
1.0470	1.0170	1.1242	1.2090	1.2535
0.7054	0.6021	0.7774	1.0318	1.2474
1.3393	1.3335	1.2349	1.3169	1.3601
1.4814	1.3831	1.2796	1.4793	1.6995
0.8536	0.7456	0.8420	0.9584	1.1751
1.1746	1.1995	1.1007	1.4358	1.5907
1.1451	0.7315	0.9815	1.0333	1.1982
1.1600	0.9747	1.0514	1.1094	1.2381
1.5851	1.3333	1.4164	1.3905	1.6520
0.7166	0.5804	0.8143	1.1365	1.2345
1.2351	1.2125	1.2697	1.5883	1.7132
1.3271	1.1894	1.2379	1.3627	1.4881
0.8216	0.6822	0.7915	1.0206	1.1270
1.4257	1.2733	1.3251	1.5297	1.7243
1.5448	1.5872	1.4392	1.3466	1.4053
1.1850	1.0849	1.1683	1.2627	1.3252
-1.1523	-1.5275	-0.8991	0.2939	0.4391
1.3580	1.2196	1.3257	1.4225	1.6371
0.3755	0.3010	0.4226	0.8520	1.0190
0.6026	0.7004	0.6922	1.3204	1.6837
0.8241	0.4952	0.6799	0.7129	0.8167
1.2442	1.1029	1.1604	1.3894	1.5789
1.4498	1.1826	1.3111	1.5034	1.6301
1.6875	1.7620	1.6130	1.3890	1.5271
1.4388	1.2543	1.2690	1.3625	1.6120
0.8102	0.7279	0.8774	1.1345	1.2328
1.2348	1.2926	1.2383	1.9160	2.2485
1.4803	1.5957	1.3394	1.4390	1.5380
1.0850	1.1902	1.0523	1.0499	1.1048
1.3097	1.3723	1.3030	1.4568	1.5548
1.4896	1.2673	1.2724	1.4426	1.5585
1.4480	1.3742	1.3261	1.3969	1.5778
1.4713	1.4816	1.3007	1.5570	1.7897
1.0625	1.0778	1.0351	1.2682	1.4505
0.6410	0.5994	0.7157	0.9483	1.0249
1.0531	0.8713	1.0167	1.0945	1.2654
0.9992	1.0435	1.1150	1.1961	1.2771
1.2147	1.0095	1.0988	1.2279	1.5004
1.7921	1.6027	1.5751	1.6068	1.7550
1.5635	1.6174	1.4285	1.6544	1.8872
1.1262	1.2872	1.0972	1.2225	1.2751
1.1322	1.1522	1.0773	1.0677	1.1587
1.6541	1.3955	1.3397	1.3746	1.4467
1.6991	1.7249	1.4575	1.4174	1.5169
1.0294	1.0837	1.1476	1.3809	1.4366
0.9803	0.9894	0.9959	1.1633	1.2611
-0.3490	-0.5461	-0.1014	0.3083	0.3984
1.2530	1.1015	1.2127	1.2809	1.5186
1.5320	1.3118	1.3763	1.3221	1.3996
1.6821	1.7937	1.5803	1.8556	2.0479
0.6320	0.6255	0.6832	1.2663	1.3913
1.1559	0.9823	1.0957	1.1758	1.2300
1.4360	1.4840	1.4018	1.6868	1.7809
1.4312	1.2035	1.2031	1.1582	1.2756
1.0465	0.9772	0.9971	1.1886	1.2357
1.4530	1.2518	1.3360	1.3177	1.4436
1.5018	1.3630	1.2752	1.3708	1.4585
1.6573	1.4183	1.3832	1.3919	1.5477
0.7398	0.6695	0.7670	1.1447	1.3373
1.5592	1.6469	1.5866	1.5857	1.7388
1.3531	1.4233	1.4059	1.5295	1.6183
1.4997	1.5870	1.4582	1.3517	1.4357
1.6025	1.5919	1.4889	1.7482	1.8638
0.8275	0.7723	0.8204	1.0301	1.1577
1.3482	1.2553	1.2431	1.1815	1.2948
1.2342	1.2768	1.2358	1.4035	1.5207
1.2756	1.1290	1.1361	1.3762	1.5941
1.9482	1.9220	1.7114	1.7363	1.9283
1.4929	1.1512	1.2857	1.3008	1.4661
0.1976	0.1910	0.3982	0.5337	0.6590
1.8556	1.8968	1.7020	1.6766	1.8220
0.9679	0.8006	0.8384	1.2428	1.4562
0.9998	0.9773	0.9935	1.2535	1.3672
1.4087	1.3980	1.3136	1.5621	1.7899
2.0106	1.7844	1.6350	1.4179	1.5083
1.4156	1.3254	1.2364	1.5653	1.6558
1.2043	1.2085	1.2456	1.1991	1.3326
1.2155	1.3068	1.2880	1.6424	1.7649
1.0052	0.9464	1.0682	1.1420	1.1386
1.6056	1.4449	1.4002	1.5247	1.6311
1.7578	1.8886	1.6861	1.9393	2.1346
1.4193	1.0853	1.2090	1.1943	1.3430
1.6693	1.5466	1.4004	1.1839	1.2420
0.4380	0.2814	0.4505	0.8787	1.0001
1.3907	1.3657	1.2258	1.4991	1.6753
1.1669	0.8663	0.9900	1.1685	1.3781
1.5405	1.5044	1.4064	1.1775	1.3266
1.6941	1.5554	1.5055	1.4736	1.6291
1.0073	1.0193	0.9722	1.2862	1.4237
1.6682	1.5526	1.4258	1.2385	1.3077
0.7899	0.9554	0.9348	1.3344	1.5875
1.1965	1.2179	1.1538	1.3291	1.4394
1.1163	0.9270	0.9503	1.2692	1.3900
1.2484	1.2153	1.1557	1.3298	1.4494
1.4775	1.1072	1.3150	1.3433	1.4963
0.9839	0.9918	0.9099	0.8650	1.0138
1.3515	1.1136	1.2250	1.4106	1.7217
1.5654	1.6791	1.4798	1.8096	1.9317
1.4121	1.5420	1.4119	1.6937	1.7848
1.4256	1.5101	1.2813	1.2520	1.4127
0.9307	0.8100	0.9518	1.3781	1.6841
1.0695	1.0827	0.9942	1.5015	1.6639
1.7956	1.7604	1.5965	1.5812	1.6617
1.2664	1.0212	1.0751	1.1815	1.3584
1.1867	1.0691	1.0238	1.3802	1.5698
1.7491	1.5176	1.5647	1.4620	1.6035
0.5790	0.5542	0.7762	0.8352	0.8241
1.1328	1.4057	1.2276	1.3137	1.4113
1.1837	1.0299	1.1100	1.2685	1.4654
1.5993	1.2588	1.3932	1.2386	1.3444
0.8041	0.7260	0.7535	0.9393	1.0671
1.3758	1.1313	1.2503	1.2095	1.3256
0.7664	0.8456	0.9282	0.9901	0.9524
2.0253	2.0986	1.7460	1.8967	2.1379
1.8192	1.8025	1.5977	1.5496	1.7455
0.4550	0.3457	0.4520	1.1301	1.4030
1.9131	1.9661	1.7518	1.4214	1.5910
0.8015	0.7454	0.7346	1.1264	1.3319
0.9893	0.8891	0.9890	1.0902	1.1822
1.6065	1.7326	1.5924	1.8761	2.0824
1.1636	1.0800	1.0688	1.1812	1.2424
1.8491	1.6261	1.5386	1.4741	1.5947
0.8348	0.7131	0.8719	1.1782	1.2623
1.4888	1.3834	1.3674	1.3917	1.4253
0.8572	0.7795	0.9332	1.3280	1.4412
1.3133	1.2230	1.2927	1.1413	1.1487
1.3386	1.4950	1.4305	1.8770	2.1157
0.9998	0.9542	0.9847	1.3524	1.5297
1.6894	1.5743	1.5039	1.4258	1.5730
0.7889	0.7173	0.8183	0.9935	1.1051
1.2097	1.0149	1.0442	1.3883	1.6501
1.9298	2.0278	1.7343	1.9272	2.0489
1.2321	0.9688	1.1468	1.2245	1.4710
1.5662	1.7076	1.4439	1.5535	1.7187
1.4838	1.4809	1.4201	1.7588	2.0196
1.3105	1.0759	1.1721	1.1979	1.3921
1.7703	1.8707	1.6527	1.6896	1.8108
1.7939	1.7410	1.6247	1.8680	2.1327
-0.5756	-0.9163	-0.5454	-1.1814	-1.1272
0.9514	0.8903	0.9581	0.9235	1.0592
0.7284	0.7289	0.7041	0.8603	0.9723
1.6686	1.3084	1.4371	1.3765	1.5177
0.8454	0.7764	0.9487	1.2942	1.4642
1.1632	0.9042	1.1198	1.2729	1.3190
1.2079	1.2517	1.2558	1.5758	1.7761
1.6092	1.3488	1.4035	1.2723	1.3612
1.5798	1.4204	1.4171	1.4089	1.4757
1.1695	1.3035	1.1536	1.2707	1.3591
1.8025	1.4502	1.5233	1.1911	1.3604
0.5862	0.6750	0.6200	1.0195	1.1277
1.1177	1.1939	1.1401	1.4139	1.4920
1.9335	1.7421	1.7272	1.6952	1.7989
0.1812	-0.0498	0.2452	0.5468	0.6611
1.1195	0.9342	1.0046	1.0586	1.1948
1.3498	1.3969	1.3328	1.2075	1.3201
1.7918	1.8519	1.6216	1.5223	1.5965
1.5915	1.5616	1.3974	1.3689	1.6117
1.5780	1.5313	1.4319	1.4402	1.5495
1.5913	1.4844	1.4129	1.2962	1.3741
1.5700	1.7069	1.5463	1.6344	1.7816
1.1745	1.0785	1.1333	1.2120	1.3051
0.6789	0.7311	0.7979	1.1114	1.2146
1.4597	1.6170	1.4921	1.6988	1.8576
1.7909	1.5314	1.4867	1.3022	1.3786
1.0659	1.0496	1.0351	1.2585	1.3734
1.2784	1.1695	1.2691	1.4526	1.5282
1.3573	1.2810	1.3132	1.4978	1.6310
0.7346	0.6202	0.6884	1.0615	1.3050
1.6810	1.4924	1.5061	1.5565	1.6961
1.3696	1.3056	1.1650	1.3863	1.4812
1.5254	1.4440	1.2925	1.4970	1.5896
0.7626	0.6728	0.8096	1.4029	1.6998
1.0963	1.0786	1.0980	1.2656	1.3027
0.3326	0.3864	0.5546	1.2589	1.5016
1.2525	1.2621	1.1031	1.3448	1.4848
1.1547	1.1598	1.1504	1.4380	1.5984
2.0338	2.1106	1.8286	1.8357	1.9721
0.8825	0.8954	0.8435	1.1823	1.3046
1.0741	0.9969	1.0356	1.3985	1.5315
0.7522	0.5979	0.6663	0.9246	1.1116
1.5970	1.5260	1.4213	1.6775	1.9617
0.8864	0.9011	0.9838	1.3036	1.4386
1.9253	1.7335	1.7277	1.5437	1.6228
1.2400	0.9782	1.1173	0.9920	1.1221
1.3246	1.3026	1.2952	1.4857	1.6679
0.8086	0.7134	0.7700	0.9775	1.0488
1.1269	0.8577	1.0612	1.1241	1.3035
1.5962	1.6935	1.5457	1.5898	1.7334
1.7113	1.8622	1.5916	1.7098	1.8186
0.7442	0.5344	0.7121	1.2861	1.4689
1.7146	1.7205	1.5901	1.6718	1.7651
1.5246	1.4468	1.4639	1.3711	1.4562
1.3132	1.3226	1.2459	1.5637	1.8531
1.5400	1.1862	1.1954	1.0791	1.1483
1.4340	1.5347	1.2969	1.4051	1.5098
1.4416	1.2807	1.3400	1.3769	1.5513
1.2331	1.2264	1.1593	1.4939	1.5723
1.4110	1.1480	1.1798	1.4058	1.4917
1.3385	1.3889	1.2148	1.2602	1.4041
1.2517	1.2933	1.1917	1.6326	1.7698
1.3836	1.3030	1.2733	1.1479	1.1948
1.2348	1.2361	1.2643	1.4740	1.5906
1.2844	1.2635	1.2807	1.3197	1.4479
1.0692	0.9645	1.0009	1.0246	1.1472
1.3993	1.3405	1.3055	1.3593	1.5374
1.2592	1.2270	1.3501	1.5628	1.6116
1.9113	1.9403	1.6572	1.8765	2.0339
0.4916	0.3774	0.4863	1.2374	1.4521
0.6806	0.7640	0.7049	0.9052	0.9934
-0.2706	-0.4538	-0.1494	0.2493	0.2830
1.5962	1.6525	1.5688	1.6776	1.7519
0.5164	0.3971	0.6155	1.0428	1.1910
1.2206	0.9909	1.0200	1.0573	1.1585
1.3446	1.4211	1.3329	1.3238	1.4874
1.0445	1.0405	1.1094	1.2494	1.3554
1.7306	1.7846	1.5404	1.5718	1.7292
1.8842	1.5964	1.5418	1.5252	1.6691
0.6156	0.5428	0.7251	1.2373	1.3779
0.9458	0.7924	0.9273	1.0741	1.1216
1.5143	1.4922	1.3198	1.5793	1.6925
1.1300	1.2391	1.2072	1.5055	1.5815
1.1658	1.1490	1.2373	1.5514	1.5501
1.3415	1.4630	1.3611	1.2501	1.3858
1.7880	1.6547	1.6283	1.5734	1.7467
1.4006	1.2451	1.2758	1.3515	1.4731
1.6279	1.7458	1.6667	2.0019	2.0933
1.1761	1.2518	1.1380	1.3005	1.4131
1.5924	1.7403	1.5925	1.7556	1.8736
2.0568	1.9397	1.8351	1.7544	1.8758
0.9888	0.8016	0.9831	1.0443	1.1845
1.0753	1.1119	1.1341	1.5972	1.7296
1.4359	1.3996	1.3432	1.2650	1.3406
1.4621	1.3119	1.3632	1.3359	1.5247
1.3093	1.4300	1.4450	1.8583	1.9279
1.2884	1.2192	1.2047	1.1402	1.2895
1.5043	1.5367	1.4156	1.5922	1.6924
1.8252	1.6210	1.5970	1.3868	1.5452
0.3499	0.3894	0.5237	0.9634	1.1905
1.5460	1.4280	1.3468	1.4697	1.6855
1.1503	1.1002	1.1066	1.2416	1.3205
0.9129	0.9007	0.9229	1.1442	1.2612
1.5830	1.4752	1.4135	1.3118	1.5313
1.4027	1.3500	1.3916	1.2895	1.4575
1.7422	1.6919	1.5395	1.4664	1.6557
1.3473	1.3140	1.2244	1.2608	1.4007
1.1705	1.0924	1.2242	1.2981	1.5121
1.9834	1.9025	1.8164	1.9553	2.0906
1.4941	1.5237	1.4959	1.5344	1.6519
1.2059	1.2281	1.1691	1.1946	1.2597
1.3575	1.4039	1.3099	1.4287	1.5483
1.1518	1.0839	1.1221	1.2181	1.3533
0.7036	0.8325	0.8454	1.3013	1.3054
1.4171	1.3017	1.3612	1.4375	1.6735
0.6501	0.6322	0.7680	1.0758	1.2006
1.1616	1.0928	1.1707	1.4954	1.8204
0.8189	0.6969	0.8406	1.0952	1.2649
1.4477	1.2756	1.2902	1.3843	1.5638
1.2622	1.1992	1.2130	1.2912	1.4325
1.6917	1.7747	1.6141	1.3450	1.4940
1.8610	1.9050	1.7185	1.7393	1.7900
1.4903	1.3523	1.3282	1.3831	1.5295
1.6010	1.4920	1.4735	1.8153	1.9299
0.7029	0.6099	0.7482	1.0700	1.2078
1.3622	1.2666	1.2994	1.1875	1.2265
1.1954	1.1977	1.1376	1.3952	1.6426
1.6417	1.3882	1.4939	1.5180	1.6559
1.7131	1.5525	1.4914	1.6323	1.7647
1.0669	1.0520	1.0400	1.1695	1.4209
1.5381	1.4440	1.3792	1.7104	1.7974
1.2330	1.1028	1.1291	1.3453	1.5663
1.2297	1.2198	1.1297	1.4087	1.5541
1.0010	0.9644	1.0735	1.3614	1.4859
1.3877	1.2657	1.3386	1.4648	1.6863
1.4626	1.3586	1.3346	1.5152	1.7292
0.4098	0.2605	0.4489	0.8407	1.0315
1.5343	1.5201	1.4301	1.7471	1.8696
1.0893	0.8984	1.0269	1.0813	1.2380
1.4596	1.4427	1.4205	1.5108	1.6166
1.6398	1.6061	1.4146	1.6160	1.8771
1.1912	1.1921	1.1606	1.3515	1.4741
1.3382	1.2419	1.2518	1.3055	1.4257
1.3783	1.2215	1.2784	1.5667	1.6269
0.9664	0.9632	0.9729	0.9990	0.9957
1.3754	1.3008	1.3098	1.5325	1.7524
1.0730	1.0046	1.0143	1.3140	1.4211
0.7634	0.6624	0.8321	1.0803	1.1833
1.1255	1.0816	1.2034	1.5579	1.6731
1.8667	1.9545	1.7472	1.7234	1.8527
1.4899	1.6046	1.4106	1.4823	1.5628
0.9912	0.9618	0.9795	1.1474	1.2597
1.1746	1.1266	1.0785	1.2600	1.4262
1.3852	1.3744	1.3486	1.4267	1.4706
1.0815	1.2353	1.1019	1.1610	1.2086
1.3299	0.9394	1.1288	1.1001	1.1238
1.4618	1.3602	1.2915	1.4874	1.6428
0.9037	0.8640	0.8923	1.3780	1.5556
1.7235	1.5822	1.4751	1.5472	1.6887
1.2202	1.2908	1.2748	1.4081	1.5576
1.3370	1.2419	1.3246	1.2499	1.2489
1.2081	1.1250	1.1620	1.5091	1.6490
1.3386	1.2415	1.2802	1.4922	1.7538
1.2784	1.3761	1.3219	1.4371	1.5562
1.3566	1.1584	1.2536	1.3105	1.4135
1.4442	1.4271	1.4816	1.6038	1.6456
1.7543	1.8551	1.6383	1.6316	1.7472
0.7767	0.7763	0.8893	1.4312	1.6238
1.8770	1.7669	1.5664	1.3263	1.3818
1.4533	1.4122	1.3252	1.5087	1.7089
0.4060	0.3546	0.4620	1.1797	1.5334
1.3546	1.1844	1.1666	1.1765	1.3184
1.5993	1.6868	1.4422	1.4615	1.5193
1.1379	1.1199	1.1020	1.3536	1.5113
1.2002	1.1271	1.1751	1.3856	1.6426
0.4350	0.3942	0.5295	1.0092	1.1805
1.8779	1.7895	1.7076	1.6859	1.7621
1.9273	1.6865	1.5714	1.5634	1.6802
0.6320	0.5638	0.6592	1.1063	1.2223
1.5386	1.6965	1.5752	1.8765	2.1469
1.6391	1.4287	1.4517	1.4838	1.6601
1.3334	1.4029	1.2558	1.3375	1.4692
1.1405	1.1275	1.2307	1.3796	1.4179
1.2667	1.2199	1.2544	1.1650	1.2603
1.2266	1.1586	1.1389	1.4039	1.5456
0.8049	0.8527	0.8165	0.9308	1.0389
1.0544	0.8854	1.0375	1.1323	1.2941
1.4260	1.3893	1.3847	1.5949	1.7901
1.2799	1.2237	1.2287	1.1774	1.3395
1.3750	1.0862	1.2464	1.4635	1.5889
1.9840	1.8956	1.7244	1.6958	1.8686
0.7411	0.7225	0.7480	1.1365	1.3107
0.7453	0.4827	0.7514	1.0329	1.2448
1.5251	1.5790	1.4766	1.6144	1.7817
1.2119	1.2384	1.1674	1.3816	1.5320
0.4306	0.5512	0.5921	1.0425	1.1484
1.2938	1.2103	1.1737	1.6210	1.7707
0.7410	0.7285	0.8179	1.0163	1.1477
1.3712	1.3458	1.2536	1.3058	1.4690
1.3034	1.1808	1.1453	1.1922	1.4012
1.8900	1.6052	1.5720	1.5659	1.6777
0.9993	0.9498	0.9446	1.0079	1.1603
1.7538	1.6942	1.5461	1.4325	1.5419
1.0853	0.9028	1.1305	1.1522	1.2826
1.0625	1.0927	1.1536	1.4098	1.5029
1.7124	1.7877	1.5533	1.5254	1.7114
1.2177	1.2837	1.2620	1.1922	1.3104
1.5502	1.5569	1.4000	1.7079	1.8594
1.7625	1.5100	1.5366	1.6333	1.7521
