g_val	t_val	c_val	l_val	s_val
1.0432	1.4227	0.9546	0.9346	0.7106
1.8365	2.0912	1.6665	1.4624	1.3169
1.3679	1.5619	1.2852	1.2626	1.0928
1.4539	1.6373	1.3190	1.0728	1.0404
1.1770	1.2452	1.2164	0.9676	0.8168
2.0532	2.0638	1.6812	1.3348	1.2766
1.6240	1.9289	1.4369	0.9389	0.7168
1.9839	2.1735	1.7328	1.5562	1.4444
1.8309	2.1151	1.6049	1.4288	1.3609
1.6240	2.0781	1.5392	1.1924	1.0039
1.3292	1.6306	1.2194	1.1948	1.0434
1.0525	1.2268	0.9477	0.8265	0.7173
1.2180	1.4680	1.1934	1.1473	0.9771
1.6431	1.7628	1.4916	1.4681	1.3917
1.2220	1.3394	1.2087	1.0794	0.8739
1.9063	2.1065	1.7061	1.4747	1.3418
1.9218	2.2071	1.7069	1.3559	1.2463
2.1109	2.3256	1.8224	1.3383	1.2629
1.3953	1.7214	1.2889	1.0205	0.8651
1.4732	1.8331	1.3888	1.5560	1.4611
1.8204	1.9692	1.7039	1.1443	1.0289
1.4730	1.6351	1.3143	1.2059	1.0898
1.3068	1.5433	1.2890	0.9483	0.8244
0.8917	1.0105	0.8333	0.7666	0.6700
1.4660	1.6894	1.3791	1.2235	1.0438
1.1861	1.5427	1.0998	0.9338	0.8099
1.2165	1.3818	1.0697	0.8997	0.7050
1.6772	1.7589	1.4274	0.9692	0.8277
1.1171	1.3088	1.0489	1.1201	0.9834
2.0912	2.4122	1.8486	1.3055	1.2186
1.6682	1.6743	1.2743	0.9851	0.8671
1.1840	1.3728	1.1774	0.9129	0.7996
1.5564	1.7549	1.3654	1.1731	1.0618
0.5009	0.6199	0.4835	1.0598	1.0946
1.8232	2.1132	1.5811	1.4388	1.4203
1.2647	1.4155	1.1324	1.1535	1.0967
1.3518	1.6498	1.2080	1.1377	1.0504
1.1932	1.4666	1.1567	1.1585	0.9992
1.1874	1.4933	1.2042	1.0735	0.8246
0.9952	1.3021	0.8534	0.9244	0.7557
1.0257	1.2801	0.9311	0.6058	0.3802
1.7247	1.8549	1.5294	1.1912	1.1116
1.3560	1.3968	1.1916	1.0197	0.9113
1.0102	1.2081	0.8600	1.0765	1.1262
1.7028	1.9792	1.5604	1.0538	0.8510
1.4249	1.7110	1.2750	1.1875	1.0891
1.5522	1.7612	1.3775	1.1610	0.9752
1.5048	1.7512	1.3867	0.8981	0.8354
1.7011	1.9972	1.4081	1.0183	0.9688
1.3191	1.5036	1.2325	0.9484	0.9088
1.6325	1.8801	1.4142	1.4180	1.3760
0.3668	0.5150	0.4601	0.7572	0.6478
1.5831	1.6374	1.3240	1.2602	1.1425
1.2932	1.4230	1.2645	1.0697	0.9675
-0.2679	-0.0610	-0.2897	-0.8510	-1.1394
1.2199	1.3799	1.1009	0.9068	0.8132
1.4145	1.5493	1.3001	1.1283	1.0349
0.9299	1.2912	0.9566	1.2309	1.0618
1.0467	1.2856	1.0344	1.1587	0.9727
1.3453	1.5871	1.1784	0.9953	0.7744
1.7731	1.7945	1.4487	1.1216	0.9667
1.5722	1.7468	1.3502	1.2101	1.1074
1.4484	1.7748	1.2429	1.0142	0.8277
1.1908	1.3811	1.0602	1.3599	1.3227
1.2860	1.4055	1.1508	1.1474	1.0993
1.1312	1.2308	1.0483	0.9990	0.9454
0.3204	0.4871	0.3566	0.8397	0.7192
0.6812	0.7931	0.7659	1.0062	0.9189
1.3422	1.4818	1.2223	1.0414	0.9255
0.6965	0.9811	0.6770	0.7577	0.5273
1.4738	1.7415	1.3475	1.0742	0.9382
1.2763	1.6285	1.0860	1.0448	0.8723
1.1118	1.5888	1.0441	1.1330	0.9329
1.9379	2.1083	1.7161	1.3254	1.1744
1.4285	1.6739	1.3326	1.2326	1.1215
1.4151	1.4986	1.2980	1.3979	1.2936
1.2705	1.6137	1.2047	1.0326	0.9129
2.0833	2.3487	1.8777	1.4817	1.4520
1.3093	1.5299	1.1910	0.8718	0.7364
1.1151	1.3676	1.1041	0.7768	0.6481
1.2324	1.5688	1.2198	1.1612	1.0476
1.6545	1.9249	1.4494	1.2130	1.1479
1.5752	1.8166	1.4249	1.2544	1.0705
1.2105	1.4644	1.1526	1.1885	1.0360
1.5463	1.7411	1.4067	0.9956	0.9419
0.2226	0.1353	-0.0786	-1.1637	-1.4137
1.6675	1.7441	1.5211	1.2772	1.1071
1.9728	2.2698	1.7280	1.3508	1.2418
2.0015	2.2454	1.7326	1.1974	0.9946
1.3453	1.4888	1.1783	1.1265	1.0193
1.3876	1.5707	1.2719	1.0256	0.9282
1.3343	1.5724	1.1867	1.0198	0.9488
1.3064	1.6266	1.2969	1.2121	1.1255
1.6314	1.7725	1.4554	1.4401	1.4287
0.6298	0.4779	0.5511	-0.7314	-1.1264
1.4764	1.7487	1.3429	1.1045	0.9420
1.1336	1.2718	1.0012	1.0729	1.0468
1.2493	1.2997	1.1115	0.8667	0.8117
1.8603	2.0276	1.6304	1.3128	1.3094
1.4385	1.7170	1.3345	0.9332	0.7699
1.3979	1.5483	1.1952	1.1010	0.9881
1.3590	1.7342	1.3590	1.1941	1.1789
1.1468	1.5307	1.0551	0.8852	0.5684
1.8187	1.9250	1.5438	1.5040	1.4546
1.9765	2.0857	1.6577	1.2192	1.1132
0.7665	1.1033	0.7061	1.0816	1.0010
1.9810	2.3029	1.6719	1.1502	0.9738
1.3565	1.3573	1.1261	1.0265	0.9142
1.6435	1.8269	1.4894	1.0687	0.9484
2.1570	2.2811	1.7812	1.5094	1.5088
2.0994	2.4079	1.8372	1.5493	1.4171
1.3467	1.6016	1.1566	1.1656	0.9998
1.4826	1.6574	1.3107	1.2068	1.1164
1.2119	1.5781	1.1855	0.9397	0.6242
1.1164	1.2157	1.1097	0.8757	0.7165
1.3985	1.4681	1.1840	1.0815	0.9197
1.1190	1.3627	1.1692	1.0151	0.8066
1.0310	1.1155	1.0436	0.9778	0.8879
2.0942	2.3584	1.8850	1.2907	1.1073
1.5314	1.7904	1.3827	1.0771	0.9391
1.7473	1.6383	1.4247	1.0502	0.9468
1.1224	1.5172	1.2002	1.4554	1.3001
1.2979	1.4741	1.1697	1.3834	1.3675
1.6926	1.8880	1.4215	1.3838	1.3267
0.9047	0.7523	0.8198	-1.0965	-1.3330
1.5646	1.8578	1.3663	1.2865	1.2174
1.2713	1.4446	1.0823	1.2256	1.1553
1.1062	1.1875	1.1120	0.9880	0.8213
1.2346	1.3098	1.0763	1.1666	1.2147
1.1044	1.2700	0.9510	1.1492	1.0873
1.9405	1.9936	1.6237	1.3022	1.1868
1.2894	1.3607	1.1346	0.9289	0.7832
1.4467	1.5167	1.2639	0.9901	0.8557
1.7048	1.7231	1.5192	1.2456	1.1016
1.4785	1.5962	1.3261	1.0672	0.9345
1.3009	1.0332	1.1121	0.8791	0.8398
0.9350	1.2130	0.9860	0.9117	0.7659
0.6127	0.7691	0.4801	0.8062	0.8196
1.4956	1.7936	1.3218	1.0714	0.9710
1.7059	1.9187	1.5167	1.4059	1.3170
1.6105	1.6965	1.4594	1.2387	1.1029
1.0092	1.1297	0.9636	0.9149	0.8680
1.1726	1.4916	1.0171	0.7122	0.4649
1.3182	1.4038	1.2338	1.0270	0.8821
1.0699	1.2153	0.9723	0.9299	0.8697
1.6073	1.9195	1.4510	1.1470	1.0698
1.6878	2.0604	1.5126	1.2524	1.0759
1.7635	1.9609	1.6130	1.2152	1.0336
1.3810	1.8689	1.3304	1.1201	0.9364
1.1209	1.4901	1.1280	1.0227	0.7989
1.7024	1.8608	1.4092	0.9875	0.7732
0.7652	0.8091	0.6684	-0.9843	-1.4462
1.5095	1.9564	1.4096	1.1825	1.1065
1.8770	1.9922	1.5831	1.2839	1.2247
1.6373	1.8650	1.3937	1.2227	1.1138
1.1018	1.2027	0.9414	0.8561	0.7507
1.4308	1.5052	1.2722	1.0017	0.9386
1.7802	1.8991	1.4824	1.2084	1.1393
1.6313	1.9670	1.3779	1.0679	0.9383
1.3023	1.4683	1.2294	1.0271	0.8630
1.7377	1.9946	1.5679	1.2795	1.1133
1.1227	1.5213	1.0979	1.0888	0.9020
1.2112	1.3797	1.0932	1.0910	1.0574
1.2963	1.6125	1.1610	1.2039	1.1411
1.0171	1.2069	0.8461	0.9563	0.8961
1.3426	1.7448	1.3336	1.3846	1.2944
1.1264	1.2738	0.9051	1.0802	1.0541
1.1272	0.9563	1.1310	1.0042	0.8909
1.3190	1.5489	1.2225	0.9772	0.8592
0.2228	0.2521	0.0594	-1.1730	-1.6837
1.4346	1.5305	1.2555	1.0866	1.0005
1.6521	1.9039	1.4499	1.3073	1.2916
1.6220	1.7696	1.3869	1.1910	1.1362
1.9830	2.0748	1.6970	1.4165	1.3585
1.1555	1.3795	1.0257	0.9828	0.8247
1.3332	1.4980	1.3263	1.5294	1.3950
1.4221	1.5220	1.2975	1.1078	1.0118
1.6395	1.8102	1.4399	1.1112	0.9351
1.1503	1.3199	0.9984	1.2482	1.0449
1.4643	1.9128	1.2747	1.1755	1.1061
1.4042	1.5468	1.2879	1.2422	1.2164
1.1214	1.3388	1.0946	0.8713	0.7693
1.5255	1.6381	1.2813	1.1503	1.0454
1.2040	1.4941	1.2429	1.2043	1.0408
1.4929	1.7428	1.2387	1.0375	0.9159
1.8392	1.8777	1.5364	1.0561	0.9376
1.3894	1.8928	1.3846	1.2865	1.1014
2.2069	2.4123	1.8964	1.0581	0.8638
1.3309	1.5293	1.1864	1.0582	0.9724
1.7538	1.9544	1.5526	1.0549	0.9119
1.0686	1.3262	0.9857	1.0811	1.0032
1.1092	1.5152	1.0117	0.9864	0.8177
1.4500	1.6887	1.2065	1.2243	1.0630
0.6688	0.6969	0.4618	0.7393	0.6344
1.6764	1.9052	1.5207	1.1695	1.0333
1.4333	1.8976	1.4403	1.2040	1.0903
1.3899	1.6329	1.4017	1.2872	1.1554
1.0856	1.2826	0.9738	0.8468	0.6948
0.2539	0.4988	0.2412	0.7212	0.5522
-0.0593	0.2646	0.1558	0.8104	0.6999
1.6092	1.8956	1.4878	1.2680	1.1191
1.3619	1.5529	1.1733	1.1755	1.0312
1.1890	1.3836	1.0785	1.2034	1.1131
1.2812	1.4281	1.3076	1.1913	1.0989
1.5378	1.8700	1.4268	1.0577	0.8797
1.1160	0.9624	1.0915	1.1123	1.0657
1.0876	1.2488	0.9750	0.8136	0.6307
1.2352	1.4749	1.1472	1.0722	0.9783
-0.2818	-0.3588	-0.3457	-0.3538	-0.5058
1.6764	1.8027	1.4546	1.3135	1.1779
1.6578	1.6136	1.4522	1.1856	1.0476
1.1217	1.2880	1.0561	0.9703	0.8798
-1.2704	-1.2514	-1.2081	-1.4257	-1.5572
0.8134	1.0166	0.7756	0.9844	0.8770
1.3472	1.5486	1.1915	0.7868	0.6933
1.8499	2.0290	1.5977	1.2516	1.1391
1.6849	1.8121	1.4116	1.1985	1.0902
1.5184	1.6830	1.3563	0.9999	0.9290
0.3176	0.5253	0.2929	-0.8416	-1.2999
1.6078	1.7851	1.3730	1.1530	1.0846
1.6361	1.7474	1.3241	1.0618	0.9290
1.3886	1.6965	1.3466	1.0325	0.9167
1.8513	2.0504	1.6715	1.4046	1.3021
1.4819	1.6098	1.3781	1.1542	1.0591
1.0057	1.1671	0.9343	0.9699	0.8810
1.1494	1.3667	1.0850	1.1247	1.0128
1.2942	1.6274	1.1708	1.0044	0.9143
1.4349	1.6836	1.2792	1.0904	0.9858
1.7724	1.9764	1.4587	1.1322	0.9179
1.5198	1.7913	1.3679	1.1617	1.0368
1.6415	1.8007	1.4564	1.2172	1.0804
1.7231	1.8669	1.4708	1.1096	0.9453
1.1432	1.2824	1.0761	1.0983	1.0617
1.1226	1.3824	1.1112	1.4019	1.3011
0.9926	1.2543	0.8447	0.9181	0.9245
1.5361	1.8059	1.3261	1.1321	0.9995
1.4106	1.6016	1.2152	1.0830	0.9338
0.5703	0.7114	0.6229	0.9740	0.8652
1.7130	1.9511	1.5486	1.1513	0.9067
-0.8367	-0.7860	-0.8770	-1.1344	-1.3866
0.6908	0.9990	0.6885	0.9118	0.9144
0.9156	1.2813	0.8676	1.0085	0.9682
-0.3629	0.1819	-0.4229	1.1071	1.0342
0.6404	0.9002	0.5984	0.5570	0.4171
1.3438	1.3242	1.1229	1.0340	0.9366
1.3530	1.4628	1.1998	1.0621	0.9618
1.4603	1.6885	1.2988	1.2242	1.1714
1.0008	1.3605	0.9160	0.7407	0.5973
1.2495	1.4243	1.0592	1.1090	0.9733
1.7827	1.9752	1.5043	1.0373	0.9698
1.8534	1.9931	1.5633	1.1968	1.0776
2.0082	2.2783	1.7571	1.2504	1.1923
2.0850	2.4181	1.8869	1.4020	1.3680
1.5746	2.0079	1.5123	1.3022	1.2220
1.4430	1.6986	1.2945	1.2011	1.1051
1.0644	1.2113	0.9176	1.0819	0.9938
1.2595	1.2773	1.1436	0.9791	0.9110
0.7768	0.9526	0.6573	0.6784	0.6464
1.4769	1.5730	1.2633	1.0742	0.9976
1.3162	1.5708	1.1770	1.1619	1.0679
