g	pw80_20	pw80_08	pw82_08	pw84_08	pw88_08
1.153	1.361	1.365	1.257	1.091	0.961
0.992	1.841	1.740	1.422	1.132	1.171
1.021	0.981	0.968	0.978	0.937	0.782
1.010	0.965	0.946	0.961	0.923	0.886
1.951	1.371	2.085	1.701	1.481	1.246
1.045	1.023	1.225	1.048	1.037	1.010
1.348	1.319	1.113	1.062	1.028	0.952
1.691	1.481	1.906	1.443	1.366	1.206
1.310	1.401	1.186	1.037	0.944	0.869
1.713	2.211	2.197	1.782	1.391	1.441
1.698	1.370	1.267	1.117	1.066	1.058
1.431	1.671	2.023	1.124	1.007	1.246
0.884	0.633	0.713	0.720	0.690	0.651
1.330	1.621	1.538	1.428	1.285	1.515
1.206	2.566	2.947	2.147	1.300	1.351
1.886	1.181	1.176	1.155	1.104	1.183
1.361	1.181	1.486	0.963	0.850	0.785
1.348	0.949	0.892	0.946	0.917	0.870
1.806	1.296	1.305	1.332	1.241	1.195
0.831	1.238	1.046	0.900	0.732	0.563
0.981	1.096	1.098	0.939	0.850	0.821
1.377	1.390	1.198	1.033	0.874	0.890
0.898	1.423	1.303	1.156	1.077	1.236
1.555	1.147	1.483	1.078	1.027	1.083
1.404	1.137	1.264	1.315	1.274	1.278
1.300	1.192	1.146	1.096	1.002	0.979
1.321	1.257	1.482	1.312	1.174	0.889
2.088	1.299	1.335	1.352	1.329	1.424
1.077	1.264	1.304	1.033	1.090	1.100
1.861	1.529	2.157	1.606	1.208	0.872
0.332	0.902	0.673	0.671	0.674	0.444
1.240	1.647	1.280	1.176	1.019	0.909
0.770	1.053	1.043	0.987	0.911	0.849
1.350	2.716	1.039	1.838	1.976	1.565
1.223	0.964	0.911	0.951	0.878	0.900
1.100	0.785	0.693	0.746	0.736	0.713
1.338	1.191	1.095	0.951	0.836	0.676
1.422	1.395	1.828	1.233	1.055	1.190
1.583	1.072	1.040	0.960	0.887	0.891
1.192	0.843	1.193	0.697	0.654	0.704
1.114	1.030	1.040	0.956	0.788	0.600
1.405	1.175	0.901	0.919	0.895	0.887
1.522	1.365	1.238	1.257	1.190	1.207
1.361	1.159	1.237	1.003	0.897	0.857
0.977	0.754	0.685	0.727	0.693	0.652
1.469	1.102	1.024	1.024	0.969	0.869
1.708	1.200	1.297	1.091	1.022	1.066
1.627	1.217	1.288	1.163	1.001	1.026
1.258	1.130	1.467	1.637	1.563	1.658
1.454	1.396	1.294	1.266	1.226	1.243
0.470	0.847	0.651	0.480	0.292	0.178
1.110	1.018	0.944	0.934	0.886	0.923
1.743	1.442	1.369	1.209	1.059	1.028
1.804	1.196	1.128	1.050	1.024	1.073
1.205	1.293	1.135	1.067	0.966	0.861
1.722	1.295	1.417	1.039	0.991	0.967
1.131	3.304	4.522	3.049	1.463	1.346
0.580	2.828	3.710	2.335	1.333	0.885
1.038	1.895	1.384	1.254	1.049	0.821
1.119	0.702	0.704	0.685	0.672	0.666
0.843	1.322	1.562	1.264	1.093	1.003
1.047	1.469	2.154	1.671	1.294	1.163
0.705	0.962	0.973	0.773	0.630	0.461
1.339	1.174	1.122	0.858	0.823	0.799
1.481	1.287	1.503	1.514	1.377	1.210
0.854	0.979	0.874	0.892	0.732	0.611
1.175	0.994	1.029	0.965	0.924	0.907
1.145	1.320	1.322	1.126	0.936	0.831
1.160	1.075	1.421	0.998	0.809	0.711
1.585	1.413	1.370	1.295	1.215	1.149
0.717	1.292	1.174	1.082	1.011	0.865
1.235	1.252	1.128	1.113	1.027	0.921
1.327	1.404	1.011	1.025	0.837	0.658
0.822	1.680	0.829	0.777	0.782	0.677
1.426	1.112	1.213	1.260	1.300	1.196
1.545	1.290	0.939	0.884	0.836	0.895
1.185	1.231	1.332	1.138	0.991	0.845
-1.152	0.226	-0.126	-0.371	-0.540	-1.093
1.358	1.297	1.290	1.106	1.062	1.117
0.376	1.131	0.120	0.271	0.556	0.507
0.603	0.863	0.851	0.876	0.839	0.772
0.824	0.968	0.864	0.819	0.692	0.571
1.244	0.859	0.930	0.973	0.965	0.961
1.450	1.578	1.421	1.296	1.180	1.142
1.687	1.179	1.142	1.086	1.031	1.055
1.439	1.377	1.348	1.228	1.133	1.062
0.810	2.284	4.595	3.450	2.495	0.824
1.235	1.444	1.339	1.387	1.388	1.337
1.480	1.398	1.107	1.092	1.071	1.078
1.085	0.889	0.747	0.699	0.677	0.721
1.310	4.098	8.004	5.246	2.672	1.833
1.490	1.500	1.454	1.249	1.168	1.143
1.448	1.330	0.942	0.939	0.907	0.831
1.471	1.232	1.108	1.189	1.182	1.212
1.062	0.840	1.141	0.825	0.813	0.841
0.641	1.096	1.221	1.160	0.944	0.581
1.053	1.099	0.884	0.869	0.774	0.653
0.999	0.942	1.287	1.230	0.980	0.753
1.215	1.268	1.217	1.172	1.118	1.067
1.792	1.336	1.122	1.092	1.039	1.074
1.564	1.073	1.134	1.153	1.133	1.157
1.126	0.727	0.697	0.740	0.713	0.750
1.132	0.699	0.893	0.793	0.751	0.731
1.654	1.350	1.287	1.176	1.073	0.976
1.699	1.304	1.534	1.080	1.023	0.984
1.029	1.449	1.260	1.258	1.188	0.990
0.980	2.940	4.302	2.625	1.363	1.024
-0.349	0.457	0.287	0.287	0.127	-0.065
1.253	1.573	1.654	1.432	1.303	1.206
1.532	1.244	1.659	1.475	1.336	1.050
1.682	1.104	1.765	1.252	1.236	1.282
0.632	1.502	1.022	1.306	0.973	0.867
1.156	1.726	1.736	1.257	1.004	0.810
1.436	3.047	3.299	2.392	1.419	1.150
1.431	0.935	0.934	0.928	0.843	0.808
1.047	1.786	1.116	1.397	1.096	0.867
1.453	1.222	1.476	1.181	1.001	0.876
1.502	1.120	1.122	1.080	1.010	1.025
1.657	1.111	1.054	1.044	1.016	1.045
0.740	0.787	0.896	0.825	0.722	0.624
1.559	1.168	1.240	1.253	1.108	1.057
1.353	1.557	1.393	1.339	1.222	1.217
1.500	1.064	1.271	1.124	0.955	0.840
1.602	1.418	1.915	1.273	1.113	1.083
0.828	1.298	1.075	1.154	0.953	0.888
1.348	1.347	1.176	1.119	0.911	0.825
1.234	1.291	1.159	1.153	1.123	1.125
1.276	0.990	1.106	1.335	1.305	1.592
1.948	1.352	1.306	1.311	1.251	1.331
1.493	1.263	1.123	1.111	1.053	1.088
0.198	0.792	0.949	0.893	0.726	0.365
1.856	1.218	1.813	1.108	1.048	1.131
0.968	1.066	0.967	1.052	0.938	0.970
1.000	1.486	1.186	1.029	0.750	0.646
1.409	1.440	1.269	1.204	1.171	1.228
2.011	1.448	1.306	1.083	1.012	1.069
1.416	1.191	1.120	1.101	1.034	1.026
1.204	1.053	0.885	0.753	0.624	0.582
1.215	1.456	1.210	1.140	1.077	1.012
1.005	1.738	1.906	1.344	1.181	0.876
1.606	1.104	1.148	1.071	0.997	0.956
1.758	1.222	1.191	1.223	1.214	1.212
1.419	1.293	1.171	1.074	0.993	0.924
1.669	1.061	1.036	1.062	1.001	0.912
0.438	0.985	0.622	0.691	0.517	0.457
1.391	1.287	1.194	1.220	1.157	1.085
1.167	1.076	0.975	0.936	0.879	0.875
1.540	1.213	1.139	1.063	0.956	0.836
1.694	1.358	1.242	1.036	1.005	1.041
1.007	2.577	3.489	1.964	0.931	1.498
1.668	0.835	0.823	0.873	0.841	0.849
0.790	0.922	1.157	1.103	1.018	0.845
1.196	2.988	4.241	2.786	1.536	1.228
1.116	1.113	1.063	0.960	0.897	0.902
1.248	1.109	1.868	1.120	1.029	1.048
1.477	1.241	1.158	1.170	1.113	1.079
0.984	0.703	0.670	0.653	0.604	0.616
1.352	1.269	1.177	1.149	1.085	1.097
1.565	2.305	2.682	1.517	0.968	1.504
1.412	2.137	1.431	1.386	1.174	1.155
1.426	0.911	0.912	0.900	0.867	0.854
0.931	1.090	1.055	1.079	1.034	0.987
1.069	3.071	4.119	2.226	0.976	1.511
1.796	1.148	1.350	1.295	1.189	1.044
1.266	1.156	0.963	0.862	0.802	0.780
1.187	1.139	0.996	1.124	1.007	1.042
1.749	1.493	2.216	1.755	1.544	1.239
0.579	0.823	0.667	0.834	0.845	0.672
1.133	1.274	0.948	1.040	0.968	1.104
1.184	0.973	1.202	1.207	0.980	1.015
1.599	1.360	1.244	1.101	1.043	1.035
0.804	0.679	0.880	0.823	0.749	0.644
1.376	1.306	1.779	1.349	1.181	0.998
0.766	0.908	1.083	0.993	0.808	0.510
2.025	1.389	1.411	1.401	1.357	1.390
1.819	1.129	1.168	1.196	1.124	1.163
0.455	1.206	1.640	1.387	1.003	0.613
1.913	1.199	1.089	1.104	1.056	1.120
0.801	1.059	1.076	0.989	0.887	0.728
0.989	1.117	0.762	0.663	0.653	0.634
1.606	1.164	1.183	1.280	1.238	1.284
1.164	1.089	1.383	1.267	0.930	0.760
1.849	1.214	1.222	1.150	1.114	1.118
0.835	1.878	2.423	1.742	1.334	0.898
1.489	1.136	1.226	1.197	1.162	1.133
0.857	1.010	0.979	0.908	0.826	0.777
1.313	1.227	0.991	0.915	0.784	0.749
1.339	1.138	1.265	1.313	1.270	1.250
1.000	2.767	3.612	2.290	1.121	1.531
1.689	1.153	1.022	1.004	0.951	1.032
0.789	0.922	0.760	0.701	0.676	0.660
1.210	1.309	1.210	1.181	1.146	1.185
1.930	1.717	2.057	1.689	1.524	1.783
1.232	1.127	1.104	1.078	1.033	0.972
1.566	1.254	1.302	1.109	1.088	1.144
1.484	1.317	1.294	1.214	1.232	1.288
1.311	1.348	1.217	1.111	1.042	0.927
1.770	1.935	1.468	1.300	1.139	1.085
1.794	1.461	1.475	1.424	1.329	1.401
-0.576	-0.380	-0.401	-0.619	-0.714	-1.049
0.951	0.994	0.691	0.660	0.692	0.625
0.728	1.166	1.126	0.926	0.770	0.653
1.669	1.418	1.447	1.299	1.202	1.161
0.845	1.296	1.126	1.030	0.941	0.867
1.163	1.121	1.035	1.043	1.014	0.941
1.208	1.250	1.232	1.264	1.076	1.080
1.609	1.183	1.115	1.122	1.050	1.080
1.580	2.377	2.113	1.719	1.453	1.142
1.169	0.982	1.072	0.930	0.785	0.754
1.802	1.664	1.792	1.526	1.296	1.212
0.586	0.466	0.705	0.708	0.517	0.480
1.118	1.192	0.962	0.877	0.839	0.823
1.933	2.180	2.047	1.788	1.616	1.293
0.181	0.700	0.647	0.568	0.484	0.326
1.119	1.187	1.378	1.258	0.947	0.520
1.350	1.095	1.106	1.051	1.030	1.008
1.792	2.108	1.587	1.122	1.009	1.032
1.591	1.260	1.239	1.233	1.117	1.088
1.578	1.720	1.714	1.370	1.348	1.274
1.591	1.179	1.192	1.123	1.056	1.060
1.570	1.108	1.051	1.070	1.030	1.082
1.175	0.958	1.052	1.059	1.049	1.051
0.679	0.972	1.064	1.034	0.832	0.889
1.460	1.036	1.010	1.087	1.077	1.149
1.791	1.351	1.350	1.212	1.162	1.131
1.066	2.228	1.922	1.357	1.376	1.005
1.278	1.810	2.622	1.833	1.517	1.134
1.357	3.115	3.552	2.143	1.337	1.002
0.735	0.866	0.871	0.887	0.844	0.789
1.681	1.342	1.358	1.253	1.068	1.047
1.370	0.920	0.885	0.897	0.888	0.820
1.525	1.975	1.349	1.421	1.439	1.252
0.763	1.021	1.524	1.438	1.097	0.986
1.096	1.357	1.525	1.390	1.173	0.985
0.333	1.351	1.278	0.925	0.878	0.524
1.253	1.250	1.714	1.061	0.977	1.020
1.155	2.241	2.160	1.566	1.240	0.973
2.034	1.280	2.247	1.230	1.179	1.214
0.882	0.977	0.855	0.793	0.846	0.775
1.074	1.681	2.271	1.496	1.062	1.014
0.752	0.824	0.747	0.706	0.671	0.606
1.597	1.263	1.228	1.264	1.270	1.226
0.886	1.071	0.861	0.952	0.976	0.950
1.925	2.028	2.089	1.831	1.454	1.083
1.240	1.457	1.511	1.468	1.231	0.921
1.325	1.181	1.071	1.038	0.974	0.910
0.809	1.350	0.956	0.853	0.713	0.577
1.127	0.972	1.005	0.982	0.931	0.844
1.596	1.351	1.112	1.249	1.071	1.060
1.711	1.423	1.981	1.418	1.352	1.171
0.744	1.297	1.532	1.198	1.043	0.935
1.715	1.726	1.847	1.277	1.134	1.171
1.525	1.486	1.200	1.053	0.897	0.939
1.313	1.132	1.102	1.161	1.121	1.113
1.540	1.080	0.984	1.006	0.962	0.999
1.434	1.440	1.122	1.090	1.080	1.061
1.442	1.374	1.321	1.224	1.164	1.199
1.233	3.614	5.922	3.621	1.570	0.656
1.411	1.430	1.176	1.174	1.101	1.047
1.339	1.073	1.033	1.019	0.986	0.969
1.252	1.378	1.789	1.196	1.033	1.206
1.384	1.032	1.026	0.985	0.972	0.933
1.235	1.547	1.552	1.124	1.070	0.973
1.284	1.238	1.031	0.991	0.933	0.903
1.069	1.364	1.060	0.938	0.727	0.613
1.399	1.390	1.609	1.412	1.257	1.212
1.259	2.341	3.107	2.263	1.816	1.029
1.911	2.033	1.304	1.558	1.728	1.737
0.492	0.851	-0.198	0.308	0.589	0.659
0.681	0.908	0.887	0.811	0.700	0.633
-0.271	0.363	0.308	0.307	0.112	-0.044
1.596	1.258	1.015	1.122	1.069	1.064
0.516	0.773	0.217	0.732	0.895	0.546
1.221	1.178	0.998	0.903	0.829	0.823
1.345	1.097	1.140	1.173	1.104	1.048
1.044	1.338	1.378	1.176	1.047	0.934
1.731	1.301	1.723	1.221	1.124	1.006
1.884	1.373	1.371	1.221	1.153	1.191
0.616	0.907	0.765	0.819	0.771	0.671
0.946	1.203	1.205	0.920	0.788	0.739
1.514	1.499	1.513	1.536	1.232	1.372
1.130	2.304	2.225	1.692	1.134	0.809
1.166	2.472	2.952	2.186	1.653	1.183
1.342	1.005	1.085	1.073	1.058	1.033
1.788	1.516	1.349	1.249	1.185	1.171
1.401	1.031	1.035	0.999	0.927	0.951
1.628	1.957	1.676	1.527	1.240	1.403
1.176	1.378	1.333	1.195	0.944	0.866
1.592	1.251	1.133	1.154	1.125	1.103
2.057	1.372	1.321	1.198	1.102	1.152
0.989	0.874	0.929	0.913	0.850	0.643
1.075	1.181	1.254	1.089	1.019	0.839
1.436	1.212	1.028	0.992	0.987	0.908
1.462	1.213	1.031	1.030	0.994	1.025
1.309	2.873	3.184	2.197	1.554	0.869
1.288	1.280	1.824	1.144	0.835	0.969
1.504	1.203	1.160	1.104	1.053	1.054
1.825	1.145	1.360	1.146	1.057	0.984
0.350	0.289	0.213	0.605	0.633	0.581
1.546	0.970	0.932	0.951	0.962	1.006
1.150	1.150	1.102	0.956	0.945	0.912
0.913	3.220	5.312	3.403	1.758	1.466
1.583	1.089	1.069	1.077	1.026	1.023
1.403	1.216	1.184	1.164	1.072	0.854
1.742	1.356	1.457	1.420	1.271	1.202
1.347	0.895	0.862	0.856	0.832	0.812
1.170	1.251	1.164	1.115	0.999	0.865
1.983	1.573	1.516	1.471	1.390	1.424
1.494	1.175	1.585	1.336	1.166	0.943
1.206	2.964	3.760	2.039	1.273	1.094
1.357	1.451	1.841	1.094	0.963	1.018
1.152	0.985	1.124	1.071	0.829	0.536
0.704	1.629	2.267	1.681	1.255	0.291
1.417	1.168	1.130	1.127	1.085	1.074
0.650	0.861	0.972	0.584	0.532	0.358
1.162	1.144	1.443	1.399	1.241	1.243
0.819	1.017	0.727	0.674	0.620	0.584
1.448	1.064	1.082	1.048	1.028	0.985
1.262	0.893	0.966	0.926	0.867	0.852
1.692	1.056	1.170	1.092	1.040	1.051
1.861	2.074	1.887	1.502	1.183	1.056
1.490	1.063	1.004	0.999	0.963	0.947
1.601	1.510	1.532	1.485	1.352	1.350
0.703	0.841	0.620	0.662	0.647	0.550
1.362	1.462	1.159	0.950	0.897	0.858
1.195	1.129	1.057	1.042	1.007	0.998
1.642	1.360	3.237	2.471	1.659	0.971
1.713	1.263	1.407	1.347	1.244	1.186
1.067	1.105	0.930	0.983	0.925	0.942
1.538	2.803	1.038	1.634	2.140	1.079
1.233	1.083	0.823	0.963	0.897	0.831
1.230	1.053	1.961	1.024	0.944	0.922
1.001	3.206	5.223	3.607	1.947	1.612
1.388	1.382	1.436	1.113	1.087	1.067
1.463	1.183	1.013	1.003	0.969	0.979
0.410	0.825	0.877	0.817	0.700	0.478
1.534	2.147	1.556	1.719	1.469	1.535
1.089	1.356	1.133	1.039	0.979	0.891
1.460	1.252	1.141	1.143	1.026	0.997
1.640	1.281	1.276	1.272	1.209	1.230
1.191	3.773	6.911	4.805	2.623	1.668
1.338	1.223	1.248	1.133	0.983	0.849
1.378	1.522	1.399	1.317	1.265	1.194
0.966	1.075	0.646	0.744	0.597	0.485
1.375	1.170	0.996	1.038	0.954	0.923
1.073	2.019	0.946	1.010	1.355	1.070
0.763	1.242	1.237	1.062	0.982	1.029
1.125	1.797	1.491	1.348	1.128	1.090
1.867	2.440	1.862	1.215	1.235	1.100
1.490	1.831	1.473	1.274	0.971	0.929
0.991	1.865	1.373	1.266	0.919	0.753
1.175	1.065	0.959	0.976	0.909	0.821
1.385	1.492	1.124	1.248	1.000	0.842
1.081	1.628	1.360	1.122	0.917	0.843
1.330	1.274	1.139	1.133	0.991	0.848
1.462	1.000	0.990	1.008	0.998	0.975
0.904	0.968	1.450	0.846	0.834	0.865
1.724	1.443	1.319	1.272	1.179	1.145
1.220	2.099	1.645	1.438	1.037	1.058
1.337	2.734	4.063	2.760	2.049	1.302
1.208	1.451	1.158	1.034	1.082	1.078
1.339	1.372	1.485	1.388	1.258	1.204
1.278	3.637	6.557	4.372	2.276	1.693
1.357	1.282	1.703	1.333	0.988	0.792
1.444	1.932	1.996	1.736	1.409	1.042
1.754	2.307	2.057	1.568	1.143	1.156
0.777	0.881	0.815	0.812	0.762	0.733
1.877	1.133	1.116	1.138	1.081	1.010
1.453	1.204	1.218	1.195	1.116	1.087
0.406	0.062	0.266	0.763	0.886	0.935
1.355	1.146	1.161	0.975	0.937	1.047
1.599	1.755	1.296	1.165	1.051	1.052
1.138	3.261	5.158	3.314	1.687	1.827
1.200	1.260	1.063	1.004	0.960	0.952
0.435	0.587	1.046	0.644	0.607	0.535
1.878	1.699	1.645	1.492	1.317	1.113
1.927	1.351	1.404	1.251	1.115	1.107
0.632	2.732	3.528	2.098	1.064	0.843
1.539	1.090	1.213	1.267	1.238	1.270
1.639	1.396	1.290	1.130	1.000	0.966
1.333	1.193	1.795	0.989	0.938	0.923
1.140	2.111	2.731	1.864	1.417	1.048
1.267	1.052	1.031	1.061	0.991	0.846
1.227	1.032	0.970	1.036	1.004	0.954
0.805	1.211	0.970	0.962	0.925	0.792
1.054	1.104	0.982	0.925	0.868	0.755
1.426	1.280	1.078	1.091	1.008	0.968
1.280	1.278	1.231	1.110	0.987	0.988
1.375	1.612	1.492	1.279	1.191	1.109
1.984	1.429	1.415	1.386	1.271	1.340
0.741	0.824	0.742	0.717	0.692	0.657
0.745	0.899	0.883	0.913	0.859	0.833
1.525	1.608	2.307	1.507	1.279	1.330
1.212	0.954	1.442	0.897	0.844	0.902
0.431	0.825	1.139	0.940	0.786	0.606
1.294	1.486	1.840	1.347	1.172	1.184
0.741	0.895	1.020	0.962	0.901	0.827
1.371	1.069	1.076	1.087	1.067	1.014
1.303	1.083	1.038	1.024	0.979	1.000
1.890	1.410	1.369	1.219	1.177	1.215
0.999	1.182	1.506	0.909	0.833	0.686
1.754	1.122	1.086	1.096	1.054	1.062
1.085	1.170	1.245	1.237	1.144	1.022
1.062	1.245	1.041	0.992	0.873	0.600
1.712	1.259	1.196	1.169	1.123	1.135
1.218	1.067	1.082	1.034	1.005	0.949
1.550	2.904	3.151	2.694	1.575	1.765
1.763	1.576	2.047	1.577	1.408	1.108
