tag	g_val	t_val	c_val	l_val	s_val
-1	1.043187	1.422723	0.954600	0.934575	0.710605
-1	1.836509	2.091213	1.666543	1.462429	1.316898
-1	1.367854	1.561894	1.285172	1.262629	1.092816
-1	1.453903	1.637315	1.319030	1.072821	1.040397
-1	1.177045	1.245177	1.216423	0.967624	0.816755
1	1.153355	0.911030	1.065774	1.294082	1.398445
1	0.991746	1.084828	1.167683	1.646321	1.709111
1	1.021141	0.879555	0.870717	1.035672	1.150454
1	1.009629	0.865612	0.945096	1.193561	1.457595
-1	2.053196	2.063772	1.681219	1.334774	1.276610
-1	1.624019	1.928871	1.436853	0.938891	0.716786
1	1.950722	1.815923	1.768608	1.555027	1.635396
1	1.045379	1.007003	1.080050	1.193059	1.301237
-1	1.983922	2.173496	1.732806	1.556203	1.444358
-1	1.830901	2.115104	1.604937	1.428785	1.360905
-1	1.623956	2.078113	1.539157	1.192414	1.003889
1	1.348252	1.408902	1.338887	1.643173	1.744475
-1	1.329164	1.630623	1.219368	1.194831	1.043377
-1	1.052484	1.226777	0.947704	0.826474	0.717299
-1	1.217996	1.468024	1.193384	1.147271	0.977103
-1	1.643094	1.762806	1.491645	1.468112	1.391723
-1	1.221962	1.339360	1.208701	1.079442	0.873943
1	1.691162	1.840550	1.574569	1.713657	1.827475
-1	1.906276	2.106498	1.706132	1.474715	1.341794
1	1.310100	1.323080	1.310915	1.413433	1.428602
1	1.713037	1.883944	1.794135	2.084294	2.174169
-1	1.921783	2.207094	1.706902	1.355943	1.246298
-1	2.110903	2.325605	1.822361	1.338329	1.262921
1	1.697746	1.643714	1.531230	1.532362	1.716960
-1	1.395340	1.721386	1.288950	1.020536	0.865070
1	1.431137	1.270456	1.192662	1.321558	1.432411
-1	1.473194	1.833122	1.388803	1.555950	1.461117
1	0.884117	0.722406	0.795884	1.026045	1.188526
1	1.329737	1.376575	1.372558	1.645035	1.739217
-1	1.820369	1.969208	1.703860	1.144285	1.028880
1	1.206200	1.195133	1.183484	1.506311	1.699692
1	1.886454	1.918257	1.749927	1.473026	1.647287
1	1.361097	1.463935	1.248114	1.354106	1.452401
1	1.347683	1.393300	1.311991	1.355889	1.581618
-1	1.472993	1.635084	1.314291	1.205912	1.089795
1	1.805715	1.678296	1.553058	1.600888	1.746859
1	0.831193	0.801072	0.838561	1.134660	1.206246
1	0.980775	0.919714	0.903348	1.148518	1.250318
1	1.376883	0.977625	1.219567	1.094443	1.192973
-1	1.306824	1.543340	1.289045	0.948334	0.824403
1	0.898027	1.006968	1.058119	1.491538	1.588927
1	1.555164	1.642342	1.445175	1.556591	1.759029
-1	0.891658	1.010530	0.833330	0.766550	0.669967
-1	1.465959	1.689409	1.379092	1.223512	1.043767
1	1.403670	1.578835	1.486341	1.896489	2.134495
1	1.299507	1.296559	1.157139	1.353604	1.529942
1	1.321496	1.470724	1.346086	1.450894	1.531454
1	2.087965	2.255659	1.891032	1.950097	2.162719
-1	1.186080	1.542731	1.099825	0.933802	0.809889
1	1.077295	1.057563	1.093874	1.258322	1.292878
1	1.860748	1.698469	1.632534	1.306872	1.404191
1	0.331942	0.081155	0.440353	0.966805	1.097376
-1	1.216539	1.381822	1.069680	0.899677	0.704960
1	1.240019	1.171109	1.250742	1.270202	1.389397
1	0.769589	0.692274	0.757793	1.107561	1.354887
1	1.349989	1.289182	1.233782	1.489171	1.594190
1	1.222909	0.971053	1.137731	0.984366	1.048961
-1	1.677203	1.758899	1.427385	0.969207	0.827696
1	1.099605	1.193542	1.089721	1.170274	1.356739
1	1.337508	1.197092	1.230694	1.385146	1.478616
-1	1.117095	1.308768	1.048934	1.120090	0.983424
1	1.421915	1.440481	1.279649	1.558749	1.705045
1	1.583107	1.605270	1.472104	1.508135	1.563894
1	1.192335	1.140434	1.098311	1.123414	1.267970
1	1.114249	1.188442	1.030886	1.045978	1.100029
-1	2.091205	2.412169	1.848565	1.305483	1.218576
-1	1.668214	1.674267	1.274321	0.985140	0.867104
1	1.405300	1.318196	1.217532	1.322301	1.477965
1	1.522066	1.476200	1.395482	1.585644	1.788637
1	1.361002	1.112518	1.226579	1.369059	1.530834
1	0.977281	0.661582	0.912236	0.949447	1.139174
1	1.469086	1.240455	1.261470	1.309989	1.369706
1	1.707741	1.799642	1.515542	1.428139	1.555934
1	1.626818	1.528108	1.474500	1.479768	1.598685
-1	1.183982	1.372819	1.177413	0.912878	0.799574
-1	1.556395	1.754916	1.365370	1.173120	1.061822
1	1.258368	1.061865	1.210879	1.416113	1.625931
1	1.454042	1.532917	1.449821	1.559378	1.680925
1	0.470248	0.308360	0.550342	0.763633	0.907695
1	1.109711	0.970383	1.027289	1.103476	1.300895
-1	0.500903	0.619903	0.483463	1.059783	1.094575
-1	1.823158	2.113150	1.581096	1.438822	1.420319
1	1.742604	1.531945	1.517089	1.525597	1.697656
1	1.804235	1.614216	1.507046	1.506881	1.625485
1	1.204637	1.055311	1.175730	1.169546	1.301047
-1	1.264742	1.415459	1.132388	1.153544	1.096686
1	1.721855	1.798317	1.535629	1.522230	1.692262
-1	1.351838	1.649804	1.207957	1.137682	1.050373
-1	1.193190	1.466556	1.156679	1.158451	0.999156
1	1.131385	1.230705	1.114882	1.440196	1.545804
1	0.580000	0.607235	0.762261	1.335115	1.508515
-1	1.187351	1.493291	1.204201	1.073522	0.824574
1	1.038297	0.969632	1.093796	1.202678	1.296042
1	1.118510	1.216476	1.109831	1.049460	1.225206
-1	0.995212	1.302108	0.853411	0.924436	0.755684
1	0.842762	0.685794	0.810356	1.420133	1.610228
-1	1.025700	1.280079	0.931058	0.605807	0.380192
1	1.046973	1.016973	1.124222	1.209026	1.253468
-1	1.724704	1.854861	1.529376	1.191175	1.111646
1	0.705431	0.602140	0.777441	1.031755	1.247362
1	1.339306	1.333456	1.234879	1.316925	1.360056
1	1.481406	1.383137	1.279647	1.479322	1.699475
1	0.853632	0.745634	0.841997	0.958423	1.175125
1	1.174596	1.199472	1.100750	1.435837	1.590662
1	1.145141	0.731519	0.981510	1.033268	1.198216
1	1.160019	0.974682	1.051356	1.109421	1.238121
1	1.585058	1.333343	1.416447	1.390540	1.651968
1	0.716569	0.580420	0.814332	1.136475	1.234467
1	1.235084	1.212531	1.269742	1.588287	1.713165
1	1.327101	1.189421	1.237939	1.362716	1.488113
1	0.821585	0.682183	0.791462	1.020560	1.127039
-1	1.355979	1.396783	1.191592	1.019712	0.911315
-1	1.010153	1.208083	0.860001	1.076518	1.126155
-1	1.702758	1.979227	1.560434	1.053775	0.851045
-1	1.424920	1.710999	1.274997	1.187510	1.089108
-1	1.552156	1.761154	1.377484	1.160951	0.975184
1	1.425706	1.273284	1.325100	1.529678	1.724325
1	1.544757	1.587235	1.439234	1.346592	1.405286
1	1.185031	1.084875	1.168275	1.262722	1.325240
-1	1.504823	1.751176	1.386676	0.898127	0.835361
1	-1.152307	-1.527522	-0.899118	0.293909	0.439071
1	1.358036	1.219592	1.325710	1.422474	1.637093
-1	1.701070	1.997176	1.408077	1.018347	0.968764
-1	1.319106	1.503631	1.232451	0.948381	0.908831
1	0.375504	0.301007	0.422586	0.851952	1.018957
-1	1.632542	1.880124	1.414190	1.417963	1.376024
1	0.602597	0.700418	0.692188	1.320414	1.683723
-1	0.366768	0.515016	0.460148	0.757197	0.647826
1	0.824108	0.495180	0.679850	0.712859	0.816679
1	1.244220	1.102936	1.160385	1.389403	1.578886
-1	1.583091	1.637447	1.323976	1.260187	1.142493
-1	1.293207	1.422995	1.264511	1.069706	0.967495
1	1.449811	1.182580	1.311129	1.503403	1.630149
1	1.687488	1.762019	1.613015	1.389030	1.527074
1	1.438838	1.254350	1.268952	1.362465	1.611987
-1	-0.267942	-0.060952	-0.289728	-0.850981	-1.139428
1	0.810208	0.727947	0.877405	1.134504	1.232772
1	1.234792	1.292553	1.238312	1.915960	2.248474
1	1.480332	1.595685	1.339373	1.438994	1.538015
1	1.084997	1.190203	1.052296	1.049897	1.104826
1	1.309686	1.372296	1.303010	1.456772	1.554776
1	1.489647	1.267339	1.272362	1.442642	1.558472
-1	1.219902	1.379869	1.100923	0.906836	0.813172
-1	1.414501	1.549326	1.300077	1.128261	1.034862
1	1.448021	1.374201	1.326110	1.396904	1.577808
-1	0.929901	1.291180	0.956598	1.230870	1.061767
1	1.471264	1.481649	1.300741	1.556993	1.789725
1	1.062458	1.077777	1.035137	1.268223	1.450519
1	0.641022	0.599412	0.715727	0.948272	1.024861
-1	1.046711	1.285592	1.034379	1.158691	0.972655
-1	1.345283	1.587149	1.178411	0.995293	0.774418
-1	1.773090	1.794527	1.448671	1.121603	0.966709
1	1.053127	0.871321	1.016705	1.094461	1.265448
1	0.999167	1.043520	1.115016	1.196109	1.277128
-1	1.572220	1.746753	1.350235	1.210090	1.107353
-1	1.448367	1.774850	1.242850	1.014228	0.827728
-1	1.190824	1.381104	1.060189	1.359908	1.322684
-1	1.286041	1.405527	1.150770	1.147434	1.099290
-1	1.131151	1.230757	1.048298	0.999025	0.945363
1	1.214670	1.009453	1.098814	1.227921	1.500399
-1	0.320369	0.487136	0.356557	0.839749	0.719229
-1	0.681212	0.793090	0.765903	1.006190	0.918913
1	1.792087	1.602731	1.575060	1.606770	1.754988
-1	1.342153	1.481781	1.222342	1.041374	0.925490
-1	0.696500	0.981148	0.676978	0.757739	0.527292
1	1.563530	1.617423	1.428469	1.654390	1.887154
1	1.126170	1.287231	1.097179	1.222471	1.275055
-1	1.473802	1.741547	1.347530	1.074194	0.938217
1	1.132213	1.152239	1.077261	1.067664	1.158735
1	1.654133	1.395542	1.339731	1.374571	1.446662
1	1.699124	1.724917	1.457463	1.417434	1.516918
-1	1.276262	1.628510	1.086006	1.044825	0.872322
-1	1.111839	1.588807	1.044129	1.133016	0.932873
1	1.029365	1.083735	1.147594	1.380929	1.436646
-1	1.937943	2.108344	1.716071	1.325378	1.174363
1	0.980334	0.989390	0.995911	1.163272	1.261078
1	-0.348984	-0.546076	-0.101435	0.308299	0.398428
1	1.253048	1.101463	1.212740	1.280922	1.518632
1	1.532005	1.311779	1.376338	1.322087	1.399561
1	1.682140	1.793672	1.580304	1.855584	2.047870
-1	1.428467	1.673905	1.332628	1.232632	1.121537
1	0.632044	0.625483	0.683219	1.266310	1.391251
-1	1.415129	1.498576	1.297986	1.397898	1.293610
1	1.155887	0.982320	1.095702	1.175796	1.229981
-1	1.270499	1.613736	1.204744	1.032575	0.912910
1	1.435997	1.483996	1.401836	1.686780	1.780905
1	1.431167	1.203525	1.203055	1.158157	1.275645
1	1.046519	0.977226	0.997061	1.188628	1.235727
1	1.452953	1.251766	1.335989	1.317742	1.443572
1	1.501820	1.362975	1.275155	1.370824	1.458492
1	1.657254	1.418289	1.383166	1.391941	1.547682
1	0.739828	0.669527	0.766999	1.144695	1.337291
1	1.559214	1.646930	1.586636	1.585701	1.738752
1	1.353060	1.423273	1.405874	1.529508	1.618333
1	1.499746	1.587040	1.458194	1.351736	1.435682
1	1.602467	1.591922	1.488895	1.748234	1.863752
1	0.827539	0.772311	0.820414	1.030072	1.157667
1	1.348208	1.255340	1.243063	1.181454	1.294800
-1	2.083258	2.348652	1.877715	1.481675	1.452000
1	1.234158	1.276774	1.235771	1.403530	1.520724
1	1.275554	1.129025	1.136072	1.376231	1.594095
1	1.948195	1.922022	1.711407	1.736283	1.928262
1	1.492948	1.151204	1.285653	1.300790	1.466088
-1	1.309264	1.529898	1.191033	0.871753	0.736410
-1	1.115105	1.367589	1.104095	0.776764	0.648132
1	0.197628	0.191030	0.398200	0.533650	0.659039
1	1.855629	1.896831	1.701980	1.676607	1.821953
-1	1.232394	1.568805	1.219808	1.161222	1.047623
1	0.967900	0.800630	0.838445	1.242850	1.456178
-1	1.654543	1.924902	1.449393	1.212961	1.147883
1	0.999756	0.977283	0.993541	1.253450	1.367174
1	1.408736	1.397990	1.313595	1.562097	1.789863
-1	1.575193	1.816618	1.424878	1.254406	1.070456
-1	1.210515	1.464377	1.152640	1.188514	1.035990
1	2.010579	1.784427	1.635046	1.417923	1.508260
1	1.415582	1.325380	1.236441	1.565322	1.655826
1	1.204343	1.208513	1.245565	1.199056	1.332624
1	1.215478	1.306766	1.287963	1.642448	1.764947
1	1.005230	0.946415	1.068184	1.142036	1.138632
-1	1.546323	1.741078	1.406737	0.995618	0.941902
-1	0.222615	0.135318	-0.078586	-1.163674	-1.413707
1	1.605587	1.444892	1.400186	1.524734	1.631121
-1	1.667452	1.744137	1.521074	1.277181	1.107093
-1	1.972751	2.269823	1.728046	1.350847	1.241777
1	1.757767	1.888573	1.686142	1.939293	2.134585
1	1.419307	1.085280	1.209045	1.194329	1.342995
1	1.669265	1.546596	1.400445	1.183910	1.242035
-1	2.001483	2.245377	1.732596	1.197411	0.994607
1	0.437957	0.281384	0.450521	0.878722	1.000145
-1	1.345322	1.488772	1.178325	1.126539	1.019290
1	1.390688	1.365730	1.225774	1.499064	1.675323
-1	1.387556	1.570740	1.271853	1.025616	0.928204
-1	1.334289	1.572416	1.186698	1.019786	0.948827
1	1.166853	0.866303	0.990001	1.168510	1.378111
1	1.540480	1.504449	1.406408	1.177495	1.326569
1	1.694127	1.555355	1.505503	1.473621	1.629073
-1	1.306439	1.626611	1.296893	1.212132	1.125527
-1	1.631398	1.772479	1.455373	1.440065	1.428672
-1	0.629785	0.477918	0.551114	-0.731446	-1.126370
-1	1.476381	1.748742	1.342863	1.104504	0.941953
-1	1.133591	1.271784	1.001175	1.072947	1.046811
-1	1.249344	1.299713	1.111512	0.866741	0.811682
1	1.007319	1.019291	0.972180	1.286154	1.423743
1	1.668216	1.552586	1.425846	1.238542	1.307689
1	0.789917	0.955385	0.934773	1.334365	1.587453
-1	1.860285	2.027623	1.630358	1.312817	1.309359
1	1.196496	1.217881	1.153794	1.329125	1.439376
-1	1.438458	1.717001	1.334488	0.933168	0.769942
1	1.116322	0.926998	0.950328	1.269170	1.389967
1	1.248379	1.215327	1.155750	1.329798	1.449358
-1	1.397941	1.548295	1.195174	1.101020	0.988081
1	1.477478	1.107176	1.314975	1.343262	1.496277
-1	1.359002	1.734231	1.358989	1.194097	1.178938
-1	1.146835	1.530681	1.055114	0.885194	0.568360
1	0.983940	0.991826	0.909929	0.865038	1.013806
-1	1.818739	1.924970	1.543801	1.504009	1.454564
1	1.351536	1.113607	1.224985	1.410640	1.721683
1	1.565429	1.679078	1.479787	1.809566	1.931681
-1	1.976479	2.085729	1.657702	1.219162	1.113150
1	1.412062	1.542033	1.411883	1.693679	1.784768
1	1.425551	1.510133	1.281255	1.252035	1.412738
-1	0.766472	1.103274	0.706088	1.081643	1.001041
1	0.930681	0.809980	0.951752	1.378073	1.684081
1	1.069493	1.082740	0.994177	1.501527	1.663895
1	1.795597	1.760401	1.596482	1.581187	1.661687
-1	1.981026	2.302936	1.671862	1.150177	0.973809
-1	1.356490	1.357314	1.126101	1.026469	0.914211
1	1.266357	1.021248	1.075126	1.181473	1.358357
-1	1.643451	1.826857	1.489378	1.068685	0.948391
1	1.186699	1.069113	1.023824	1.380183	1.569843
1	1.749101	1.517649	1.564739	1.462036	1.603511
1	0.579022	0.554228	0.776223	0.835241	0.824090
-1	2.157035	2.281124	1.781196	1.509439	1.508777
1	1.132847	1.405686	1.227576	1.313678	1.411255
-1	2.099397	2.407898	1.837223	1.549338	1.417141
1	1.183734	1.029921	1.109991	1.268473	1.465378
-1	1.346691	1.601569	1.156551	1.165621	0.999782
1	1.599325	1.258791	1.393206	1.238606	1.344377
-1	1.482595	1.657412	1.310683	1.206753	1.116424
1	0.804056	0.726039	0.753531	0.939280	1.067117
1	1.375767	1.131256	1.250281	1.209518	1.325619
1	0.766440	0.845622	0.928228	0.990097	0.952383
-1	1.211876	1.578084	1.185457	0.939670	0.624241
1	2.025265	2.098592	1.746036	1.896697	2.137914
-1	1.116416	1.215732	1.109726	0.875675	0.716484
-1	1.398498	1.468055	1.183996	1.081473	0.919695
-1	1.118996	1.362719	1.169185	1.015064	0.806648
1	1.819164	1.802524	1.597702	1.549576	1.745491
1	0.454959	0.345686	0.451952	1.130120	1.402994
-1	1.031050	1.115520	1.043633	0.977774	0.887918
1	1.913117	1.966139	1.751766	1.421423	1.590965
1	0.801471	0.745424	0.734577	1.126401	1.331918
-1	2.094188	2.358437	1.884953	1.290711	1.107307
-1	1.531447	1.790378	1.382729	1.077110	0.939056
1	0.989263	0.889118	0.988983	1.090215	1.182177
1	1.606486	1.732566	1.592360	1.876099	2.082399
1	1.163604	1.079997	1.068833	1.181181	1.242431
-1	1.747303	1.638275	1.424679	1.050219	0.946768
-1	1.122411	1.517158	1.200189	1.455403	1.300084
-1	1.297905	1.474091	1.169718	1.383416	1.367465
1	1.849149	1.626123	1.538603	1.474132	1.594730
-1	1.692605	1.887959	1.421550	1.383806	1.326655
1	0.834819	0.713143	0.871853	1.178227	1.262316
-1	0.904683	0.752313	0.819781	-1.096520	-1.332978
-1	1.564618	1.857805	1.366338	1.286493	1.217355
-1	1.271251	1.444612	1.082316	1.225630	1.155319
1	1.488771	1.383374	1.367437	1.391662	1.425335
1	0.857177	0.779451	0.933237	1.328048	1.441186
1	1.313290	1.222953	1.292676	1.141324	1.148691
-1	1.106158	1.187457	1.111964	0.987960	0.821299
1	1.338558	1.495012	1.430517	1.877023	2.115737
-1	1.234556	1.309833	1.076267	1.166610	1.214679
-1	1.104355	1.270047	0.950960	1.149238	1.087294
1	0.999771	0.954165	0.984659	1.352426	1.529675
1	1.689417	1.574254	1.503925	1.425783	1.573031
-1	1.940542	1.993596	1.623701	1.302176	1.186841
-1	1.289442	1.360738	1.134630	0.928861	0.783227
-1	1.446736	1.516691	1.263876	0.990052	0.855704
1	0.788885	0.717288	0.818315	0.993482	1.105106
-1	1.704848	1.723093	1.519211	1.245565	1.101639
1	1.209733	1.014933	1.044152	1.388322	1.650127
1	1.929794	2.027789	1.734287	1.927242	2.048871
1	1.232092	0.968839	1.146779	1.224544	1.471035
1	1.566178	1.707576	1.443910	1.553468	1.718747
1	1.483810	1.480910	1.420097	1.758842	2.019643
1	1.310522	1.075903	1.172074	1.197894	1.392120
-1	1.478496	1.596248	1.326081	1.067194	0.934489
1	1.770288	1.870712	1.652650	1.689650	1.810848
1	1.793863	1.740988	1.624653	1.867969	2.132675
1	-0.575571	-0.916337	-0.545400	-1.181372	-1.127219
1	0.951446	0.890300	0.958109	0.923518	1.059155
1	0.728415	0.728860	0.704058	0.860285	0.972289
-1	1.300907	1.033151	1.112056	0.879068	0.839772
1	1.668598	1.308395	1.437057	1.376493	1.517737
1	0.845367	0.776426	0.948682	1.294209	1.464162
-1	0.934982	1.213046	0.985997	0.911693	0.765904
-1	0.612696	0.769143	0.480079	0.806222	0.819573
-1	1.495614	1.793648	1.321758	1.071398	0.970973
1	1.163209	0.904236	1.119820	1.272914	1.319004
1	1.207912	1.251705	1.255784	1.575765	1.776114
1	1.609214	1.348835	1.403454	1.272287	1.361157
1	1.579792	1.420392	1.417115	1.408872	1.475722
-1	1.705901	1.918724	1.516702	1.405927	1.316950
1	1.169494	1.303468	1.153590	1.270677	1.359122
1	1.802452	1.450211	1.523253	1.191100	1.360438
1	0.586167	0.675017	0.619953	1.019465	1.127675
-1	1.610504	1.696454	1.459449	1.238696	1.102912
-1	1.009168	1.129728	0.963555	0.914897	0.868006
1	1.117748	1.193878	1.140053	1.413857	1.492026
1	1.933459	1.742138	1.727171	1.695207	1.798872
1	0.181238	-0.049804	0.245223	0.546799	0.661082
1	1.119469	0.934166	1.004622	1.058564	1.194829
1	1.349828	1.396926	1.332842	1.207472	1.320119
1	1.791787	1.851890	1.621551	1.522345	1.596532
1	1.591497	1.561557	1.397433	1.368851	1.611681
1	1.578002	1.531347	1.431912	1.440219	1.549461
1	1.591330	1.484435	1.412947	1.296206	1.374071
1	1.569959	1.706875	1.546250	1.634351	1.781616
-1	1.172630	1.491593	1.017107	0.712168	0.464942
1	1.174549	1.078458	1.133346	1.212039	1.305070
-1	1.318177	1.403761	1.233801	1.027028	0.882111
1	0.678887	0.731101	0.797910	1.111390	1.214571
1	1.459714	1.617005	1.492143	1.698787	1.857646
1	1.790916	1.531399	1.486651	1.302221	1.378570
1	1.065919	1.049591	1.035142	1.258485	1.373442
1	1.278410	1.169508	1.269117	1.452552	1.528228
-1	1.069927	1.215322	0.972317	0.929895	0.869669
1	1.357334	1.280984	1.313152	1.497824	1.631025
1	0.734558	0.620163	0.688368	1.061490	1.305018
-1	1.607324	1.919490	1.451029	1.146957	1.069773
1	1.681013	1.492375	1.506077	1.556549	1.696091
-1	1.687834	2.060433	1.512646	1.252397	1.075852
1	1.369576	1.305642	1.164984	1.386302	1.481216
1	1.525372	1.444032	1.292527	1.496974	1.589619
-1	1.763484	1.960871	1.612958	1.215245	1.033627
1	0.762636	0.672828	0.809627	1.402925	1.699840
1	1.096344	1.078628	1.097971	1.265619	1.302748
1	0.332595	0.386405	0.554650	1.258895	1.501650
-1	1.380958	1.868862	1.330388	1.120051	0.936412
1	1.252533	1.262059	1.103138	1.344752	1.484841
1	1.154698	1.159809	1.150441	1.437957	1.598427
-1	1.120947	1.490139	1.127992	1.022738	0.798904
1	2.033766	2.110641	1.828648	1.835735	1.972062
1	0.882492	0.895439	0.843482	1.182305	1.304551
1	1.074147	0.996883	1.035563	1.398464	1.531514
-1	1.702423	1.860801	1.409235	0.987475	0.773194
1	0.752198	0.597910	0.666324	0.924599	1.111559
1	1.596965	1.526015	1.421295	1.677540	1.961706
1	0.886372	0.901095	0.983792	1.303609	1.438640
-1	0.765179	0.809116	0.668446	-0.984256	-1.446179
-1	1.509524	1.956390	1.409644	1.182453	1.106494
1	1.925296	1.733511	1.727655	1.543680	1.622833
1	1.240045	0.978235	1.117255	0.991994	1.122081
-1	1.876988	1.992156	1.583133	1.283920	1.224669
-1	1.637287	1.865044	1.393718	1.222684	1.113850
-1	1.101847	1.202737	0.941370	0.856098	0.750656
-1	1.430807	1.505211	1.272220	1.001685	0.938552
-1	1.780223	1.899088	1.482363	1.208396	1.139252
1	1.324608	1.302595	1.295213	1.485744	1.667904
1	0.808613	0.713413	0.769989	0.977480	1.048763
1	1.126926	0.857663	1.061155	1.124105	1.303526
-1	1.631268	1.966956	1.377890	1.067883	0.938313
1	1.596226	1.693535	1.545690	1.589810	1.733378
1	1.711260	1.862168	1.591595	1.709794	1.818628
1	0.744246	0.534443	0.712068	1.286122	1.468888
1	1.714592	1.720520	1.590088	1.671765	1.765070
1	1.524616	1.446823	1.463944	1.371113	1.456214
1	1.313188	1.322633	1.245921	1.563734	1.853109
1	1.540017	1.186196	1.195354	1.079145	1.148313
-1	1.302291	1.468342	1.229366	1.027083	0.863007
1	1.434032	1.534698	1.296939	1.405102	1.509821
1	1.441630	1.280702	1.339982	1.376931	1.551323
1	1.233075	1.226395	1.159347	1.493861	1.572317
-1	1.737744	1.994557	1.567882	1.279528	1.113321
1	1.411017	1.148034	1.179816	1.405809	1.491704
1	1.338516	1.388904	1.214751	1.260241	1.404132
1	1.251656	1.293293	1.191679	1.632555	1.769841
-1	1.122680	1.521298	1.097865	1.088838	0.901989
1	1.383568	1.302983	1.273301	1.147876	1.194830
1	1.234756	1.236079	1.264296	1.473984	1.590597
-1	1.211195	1.379747	1.093170	1.090991	1.057355
-1	1.296301	1.612535	1.161011	1.203885	1.141105
1	1.284416	1.263539	1.280716	1.319708	1.447905
-1	1.017111	1.206874	0.846113	0.956252	0.896098
-1	1.342626	1.744827	1.333582	1.384576	1.294447
1	1.069150	0.964518	1.000885	1.024647	1.147173
1	1.399278	1.340523	1.305517	1.359313	1.537397
1	1.259232	1.226951	1.350120	1.562770	1.611640
-1	1.126384	1.273799	0.905110	1.080244	1.054056
1	1.911273	1.940342	1.657182	1.876479	2.033920
-1	1.127230	0.956251	1.130971	1.004181	0.890938
1	0.491614	0.377377	0.486280	1.237397	1.452058
-1	1.318983	1.548907	1.222545	0.977162	0.859244
1	0.680616	0.763999	0.704898	0.905193	0.993396
1	-0.270606	-0.453792	-0.149406	0.249344	0.283047
-1	0.222830	0.252120	0.059380	-1.173022	-1.683748
-1	1.434623	1.530469	1.255538	1.086599	1.000472
1	1.596184	1.652487	1.568796	1.677582	1.751926
1	0.516354	0.397094	0.615451	1.042784	1.190967
-1	1.652117	1.903897	1.449921	1.307271	1.291576
1	1.220564	0.990948	1.020007	1.057304	1.158484
-1	1.621979	1.769599	1.386862	1.190995	1.136240
-1	1.982982	2.074834	1.697002	1.416506	1.358491
-1	1.155539	1.379462	1.025670	0.982762	0.824694
1	1.344596	1.421137	1.332914	1.323842	1.487435
-1	1.333178	1.497984	1.326288	1.529372	1.394991
1	1.044486	1.040468	1.109419	1.249367	1.355408
1	1.730552	1.784603	1.540420	1.571755	1.729178
1	1.884186	1.596374	1.541773	1.525236	1.669062
-1	1.422071	1.522037	1.297517	1.107840	1.011798
-1	1.639537	1.810231	1.439851	1.111198	0.935123
1	0.615567	0.542771	0.725063	1.237334	1.377877
1	0.945829	0.792418	0.927261	1.074100	1.121611
1	1.514275	1.492240	1.319809	1.579340	1.692532
1	1.129965	1.239137	1.207221	1.505491	1.581537
-1	1.150322	1.319947	0.998381	1.248195	1.044888
1	1.165787	1.149042	1.237277	1.551442	1.550100
1	1.341512	1.462980	1.361053	1.250118	1.385753
1	1.788044	1.654694	1.628271	1.573390	1.746690
-1	1.464270	1.912825	1.274668	1.175480	1.106096
1	1.400644	1.245133	1.275842	1.351470	1.473142
1	1.627853	1.745786	1.666724	2.001875	2.093286
1	1.176082	1.251771	1.137963	1.300470	1.413087
1	1.592388	1.740253	1.592465	1.755647	1.873576
-1	1.404173	1.546772	1.287859	1.242161	1.216443
-1	1.121432	1.338794	1.094582	0.871343	0.769318
-1	1.525496	1.638075	1.281298	1.150255	1.045391
-1	1.204042	1.494117	1.242876	1.204267	1.040791
1	2.056795	1.939746	1.835108	1.754365	1.875833
-1	1.492916	1.742800	1.238715	1.037524	0.915907
-1	1.839235	1.877739	1.536440	1.056148	0.937611
1	0.988761	0.801556	0.983055	1.044337	1.184474
1	1.075305	1.111926	1.134055	1.597165	1.729592
-1	1.389431	1.892753	1.384559	1.286478	1.101442
-1	2.206933	2.412334	1.896372	1.058137	0.863816
-1	1.330939	1.529319	1.186362	1.058238	0.972431
-1	1.753843	1.954382	1.552603	1.054900	0.911936
1	1.435879	1.399626	1.343199	1.265011	1.340628
-1	1.068628	1.326171	0.985723	1.081140	1.003212
1	1.462121	1.311942	1.363196	1.335922	1.524679
1	1.309286	1.429968	1.444988	1.858281	1.927915
1	1.288422	1.219160	1.204695	1.140202	1.289455
1	1.504251	1.536739	1.415569	1.592211	1.692362
1	1.825233	1.621021	1.597026	1.386789	1.545215
1	0.349873	0.389439	0.523708	0.963447	1.190506
1	1.545969	1.427975	1.346821	1.469744	1.685508
-1	1.109191	1.515167	1.011739	0.986359	0.817704
-1	1.450032	1.688688	1.206464	1.224324	1.062990
1	1.150344	1.100168	1.106614	1.241649	1.320458
1	0.912871	0.900667	0.922868	1.144214	1.261185
1	1.583016	1.475248	1.413502	1.311767	1.531349
1	1.402687	1.349958	1.391647	1.289451	1.457532
1	1.742203	1.691929	1.539467	1.466410	1.655654
1	1.347287	1.313987	1.224444	1.260774	1.400665
1	1.170482	1.092415	1.224188	1.298052	1.512109
1	1.983399	1.902495	1.816372	1.955254	2.090561
1	1.494072	1.523683	1.495943	1.534364	1.651883
-1	0.668780	0.696942	0.461756	0.739258	0.634424
1	1.205890	1.228051	1.169065	1.194636	1.259705
-1	1.676384	1.905169	1.520656	1.169515	1.033262
-1	1.433314	1.897647	1.440341	1.204029	1.090263
-1	1.389891	1.632873	1.401729	1.287167	1.155386
-1	1.085626	1.282607	0.973830	0.846805	0.694768
1	1.357497	1.403852	1.309914	1.428723	1.548261
1	1.151783	1.083894	1.122091	1.218095	1.353262
1	0.703555	0.832484	0.845418	1.301286	1.305423
1	1.417115	1.301693	1.361171	1.437544	1.673514
1	0.650068	0.632150	0.767995	1.075804	1.200568
1	1.161627	1.092816	1.170671	1.495431	1.820375
1	0.818866	0.696860	0.840622	1.095244	1.264907
1	1.447730	1.275647	1.290209	1.384275	1.563759
1	1.262192	1.199250	1.212998	1.291226	1.432460
1	1.691747	1.774709	1.614065	1.344969	1.494013
1	1.861048	1.905005	1.718536	1.739338	1.790040
-1	0.253893	0.498785	0.241155	0.721198	0.552216
-1	-0.059287	0.264643	0.155841	0.810413	0.699886
-1	1.609203	1.895636	1.487810	1.267975	1.119074
-1	1.361942	1.552909	1.173348	1.175499	1.031172
1	1.490328	1.352325	1.328205	1.383087	1.529497
1	1.600966	1.492029	1.473503	1.815345	1.929885
1	0.702870	0.609949	0.748174	1.069970	1.207757
1	1.362163	1.266558	1.299450	1.187472	1.226474
1	1.195400	1.197668	1.137615	1.395233	1.642626
-1	1.189018	1.383612	1.078475	1.203425	1.113146
-1	1.281177	1.428105	1.307587	1.191273	1.098900
-1	1.537824	1.869988	1.426841	1.057740	0.879703
1	1.641684	1.388228	1.493932	1.518030	1.655858
1	1.713122	1.552488	1.491368	1.632318	1.764676
1	1.066875	1.051957	1.039982	1.169482	1.420943
1	1.538098	1.443988	1.379162	1.710393	1.797355
1	1.232964	1.102814	1.129065	1.345266	1.566346
-1	1.116020	0.962412	1.091548	1.112287	1.065708
-1	1.087622	1.248809	0.974991	0.813649	0.630653
-1	1.235180	1.474905	1.147177	1.072227	0.978318
1	1.229743	1.219802	1.129749	1.408730	1.554085
1	1.001050	0.964429	1.073471	1.361442	1.485873
1	1.387693	1.265673	1.338554	1.464820	1.686332
1	1.462550	1.358615	1.334621	1.515195	1.729247
1	0.409764	0.260543	0.448929	0.840691	1.031535
1	1.534296	1.520053	1.430110	1.747121	1.869609
1	1.089270	0.898374	1.026913	1.081279	1.237969
1	1.459577	1.442691	1.420491	1.510781	1.616643
-1	-0.281794	-0.358850	-0.345741	-0.353837	-0.505793
-1	1.676377	1.802743	1.454593	1.313534	1.177868
1	1.639751	1.606145	1.414621	1.615954	1.877137
1	1.191154	1.192061	1.160593	1.351527	1.474083
1	1.338180	1.241925	1.251752	1.305494	1.425685
-1	1.657812	1.613595	1.452210	1.185621	1.047581
1	1.378299	1.221531	1.278401	1.566681	1.626910
-1	1.121717	1.288039	1.056088	0.970329	0.879758
1	0.966363	0.963240	0.972867	0.998977	0.995679
1	1.375431	1.300813	1.309805	1.532523	1.752420
-1	-1.270398	-1.251431	-1.208064	-1.425715	-1.557229
-1	0.813355	1.016647	0.775585	0.984431	0.876972
1	1.073010	1.004600	1.014326	1.314013	1.421085
-1	1.347246	1.548592	1.191502	0.786782	0.693344
1	0.763366	0.662410	0.832143	1.080259	1.183289
1	1.125478	1.081596	1.203389	1.557916	1.673142
1	1.866678	1.954549	1.747235	1.723384	1.852711
1	1.489875	1.604648	1.410639	1.482252	1.562846
-1	1.849893	2.028980	1.597697	1.251586	1.139120
-1	1.684861	1.812111	1.411555	1.198494	1.090227
1	0.991230	0.961842	0.979524	1.147355	1.259690
1	1.174632	1.126628	1.078484	1.259983	1.426165
1	1.385193	1.374351	1.348608	1.426670	1.470619
-1	1.518372	1.682983	1.356268	0.999919	0.928995
-1	0.317554	0.525312	0.292948	-0.841601	-1.299859
-1	1.607779	1.785139	1.372965	1.153005	1.084648
-1	1.636146	1.747385	1.324130	1.061838	0.928992
-1	1.388561	1.696473	1.346588	1.032531	0.916661
1	1.081466	1.235290	1.101857	1.161043	1.208647
1	1.329882	0.939408	1.128846	1.100099	1.123763
1	1.461758	1.360244	1.291517	1.487427	1.642779
1	0.903708	0.863950	0.892334	1.377950	1.555597
-1	1.851341	2.050447	1.671490	1.404636	1.302054
1	1.723538	1.582203	1.475088	1.547171	1.688739
-1	1.481865	1.609830	1.378131	1.154188	1.059107
-1	1.005695	1.167121	0.934263	0.969941	0.881048
-1	1.149394	1.366716	1.084960	1.124691	1.012774
1	1.220230	1.290780	1.274776	1.408123	1.557621
-1	1.294166	1.627449	1.170810	1.004365	0.914336
1	1.337044	1.241919	1.324601	1.249923	1.248891
1	1.208090	1.124993	1.162042	1.509080	1.648959
-1	1.434903	1.683580	1.279160	1.090369	0.985815
1	1.338622	1.241472	1.280243	1.492159	1.753817
-1	1.772399	1.976438	1.458746	1.132211	0.917906
1	1.278379	1.376127	1.321890	1.437119	1.556179
-1	1.519772	1.791339	1.367896	1.161739	1.036832
1	1.356579	1.158444	1.253616	1.310500	1.413484
1	1.444171	1.427085	1.481612	1.603781	1.645573
-1	1.641491	1.800715	1.456381	1.217173	1.080366
1	1.754323	1.855052	1.638308	1.631593	1.747168
-1	1.723131	1.866880	1.470825	1.109567	0.945295
-1	1.143183	1.282352	1.076128	1.098268	1.061741
1	0.776737	0.776274	0.889251	1.431215	1.623826
1	1.876950	1.766864	1.566435	1.326281	1.381773
-1	1.122644	1.382410	1.111152	1.401866	1.301112
1	1.453343	1.412189	1.325154	1.508727	1.708866
-1	0.992589	1.254288	0.844679	0.918109	0.924505
-1	1.536118	1.805929	1.326137	1.132126	0.999519
-1	1.410560	1.601603	1.215195	1.082973	0.933802
-1	0.570273	0.711430	0.622943	0.973984	0.865161
-1	1.712962	1.951098	1.548589	1.151289	0.906654
-1	-0.836749	-0.786022	-0.876965	-1.134434	-1.386637
1	0.406026	0.354607	0.462039	1.179729	1.533424
1	1.354616	1.184380	1.166642	1.176517	1.318370
1	1.599328	1.686829	1.442158	1.461501	1.519291
1	1.137929	1.119933	1.102027	1.353574	1.511306
-1	0.690843	0.998991	0.688536	0.911751	0.914381
-1	0.915618	1.281280	0.867586	1.008494	0.968232
1	1.200240	1.127067	1.175101	1.385630	1.642607
1	0.434969	0.394217	0.529514	1.009159	1.180515
1	1.877888	1.789462	1.707607	1.685856	1.762072
-1	-0.362916	0.181858	-0.422922	1.107078	1.034154
1	1.927301	1.686530	1.571432	1.563431	1.680171
1	0.632024	0.563756	0.659212	1.106279	1.222282
-1	0.640441	0.900176	0.598443	0.556975	0.417057
1	1.538629	1.696457	1.575196	1.876467	2.146856
-1	1.343762	1.324201	1.122909	1.034018	0.936627
1	1.639123	1.428739	1.451652	1.483839	1.660065
1	1.333355	1.402914	1.255842	1.337539	1.469165
1	1.140453	1.127493	1.230745	1.379627	1.417892
-1	1.353034	1.462788	1.199782	1.062131	0.961751
1	1.266690	1.219926	1.254372	1.164961	1.260319
1	1.226605	1.158584	1.138906	1.403886	1.545596
1	0.804868	0.852746	0.816485	0.930812	1.038937
-1	1.460297	1.688496	1.298752	1.224205	1.171396
1	1.054447	0.885372	1.037461	1.132279	1.294108
-1	1.000774	1.360508	0.916003	0.740704	0.597254
-1	1.249461	1.424268	1.059155	1.108992	0.973275
1	1.425961	1.389288	1.384749	1.594945	1.790138
-1	1.782663	1.975160	1.504332	1.037282	0.969765
1	1.279934	1.223686	1.228717	1.177416	1.339534
1	1.375003	1.086244	1.246440	1.463484	1.588913
1	1.983969	1.895634	1.724379	1.695823	1.868612
1	0.741051	0.722466	0.747999	1.136525	1.310730
1	0.745305	0.482742	0.751446	1.032934	1.244849
1	1.525122	1.579022	1.476580	1.614447	1.781689
-1	1.853401	1.993069	1.563280	1.196788	1.077633
-1	2.008227	2.278321	1.757099	1.250421	1.192307
1	1.211883	1.238388	1.167369	1.381624	1.531999
-1	2.085009	2.418118	1.886864	1.402033	1.367999
1	0.430564	0.551186	0.592100	1.042542	1.148391
1	1.293817	1.210256	1.173688	1.621012	1.770687
-1	1.574567	2.007867	1.512274	1.302195	1.221986
1	0.740976	0.728510	0.817853	1.016280	1.147690
1	1.371222	1.345828	1.253639	1.305778	1.469026
1	1.303417	1.180755	1.145304	1.192164	1.401233
1	1.890022	1.605169	1.572000	1.565917	1.677671
1	0.999318	0.949820	0.944569	1.007902	1.160269
1	1.753790	1.694164	1.546073	1.432490	1.541894
1	1.085320	0.902808	1.130492	1.152223	1.282617
-1	1.443039	1.698636	1.294528	1.201117	1.105076
1	1.062488	1.092719	1.153587	1.409832	1.502871
1	1.712357	1.787727	1.553280	1.525405	1.711390
1	1.217696	1.283689	1.261997	1.192229	1.310434
-1	1.064356	1.211311	0.917604	1.081930	0.993791
1	1.550227	1.556929	1.399955	1.707922	1.859442
-1	1.259487	1.277257	1.143632	0.979114	0.911032
-1	0.776761	0.952569	0.657265	0.678403	0.646392
1	1.762530	1.509957	1.536572	1.633302	1.752122
-1	1.476889	1.572985	1.263279	1.074179	0.997637
-1	1.316183	1.570786	1.177005	1.161922	1.067854
