g	pw80_20	pw80_08	pw82_08	pw84_08	pw88_08
-1.043	-1.239	-1.391	-1.132	-1.111	-0.786
-1.837	-1.486	-1.684	-1.304	-1.209	-1.272
-1.368	-2.001	-1.565	-1.345	-1.219	-1.383
-1.454	-0.998	-1.027	-0.899	-0.850	-0.909
-1.177	-0.771	-0.883	-0.991	-1.126	-1.409
-2.053	-1.604	-1.254	-1.273	-1.291	-1.385
-1.624	-1.264	-1.410	-1.100	-0.993	-0.901
-1.984	-1.347	-1.438	-1.250	-1.186	-1.266
-1.831	-1.513	-1.450	-1.291	-1.311	-1.473
-1.624	-1.185	-0.913	-0.709	-0.876	-1.053
-1.329	-0.992	-1.326	-1.024	-0.938	-0.942
-1.052	-1.000	-1.184	-0.887	-0.801	-0.889
-1.218	-1.020	-1.244	-1.057	-0.964	-1.038
-1.643	-1.549	-1.341	-1.389	-1.381	-1.473
-1.222	-1.194	-1.227	-1.073	-1.101	-1.517
-1.906	-0.969	-1.739	-1.377	-1.359	-1.498
-1.922	-0.972	-1.048	-1.066	-1.049	-1.250
-2.111	-1.529	-1.299	-1.215	-1.285	-1.443
-1.395	-0.977	-0.850	-0.843	-0.823	-0.869
-1.473	-1.060	-0.975	-0.956	-1.137	-1.218
-1.820	-1.296	-1.781	-1.644	-1.628	-1.218
-1.473	-1.128	-0.963	-1.023	-1.039	-1.067
-1.307	-1.213	-1.176	-0.991	-1.068	-1.046
-0.892	-0.908	-0.545	-0.645	-0.659	-0.635
-1.466	-2.037	-1.601	-1.249	-1.107	-0.941
-1.186	-1.107	-1.084	-1.076	-0.944	-0.842
-1.217	-0.990	-0.919	-0.850	-0.948	-1.006
-1.677	-1.464	-1.926	-1.447	-1.119	-1.074
-1.117	-1.340	-1.440	-1.183	-1.022	-0.927
-2.091	-1.197	-1.246	-1.234	-1.172	-1.245
-1.668	-0.894	-0.876	-0.744	-0.742	-0.859
-1.184	-1.202	-1.243	-1.005	-0.974	-0.958
-1.556	-1.171	-1.136	-0.971	-0.913	-0.952
-0.501	-0.704	-0.979	-0.952	-1.010	-0.967
-1.823	-1.264	-1.223	-1.173	-1.233	-1.307
-1.265	-0.969	-1.329	-1.180	-1.130	-1.066
-1.352	-0.861	-0.983	-0.969	-0.989	-1.073
-1.193	-1.498	-1.337	-1.128	-1.152	-1.034
-1.187	-1.196	-1.716	-1.000	-0.946	-1.030
-0.995	-1.008	-1.074	-0.939	-0.764	-0.635
-1.026	-0.675	-0.765	-0.563	-0.375	-0.389
-1.725	-0.781	-1.230	-1.033	-0.908	-0.798
-1.356	-1.501	-1.772	-1.651	-1.572	-1.287
-1.010	-0.577	-0.747	-0.761	-0.796	-0.837
-1.703	-0.946	-1.057	-0.912	-0.914	-1.021
-1.425	-0.925	-0.993	-0.969	-1.056	-1.088
-1.552	-1.293	-1.519	-1.536	-1.478	-1.243
-1.505	-1.056	-0.983	-0.852	-0.874	-0.976
-1.701	-0.892	-0.947	-0.858	-0.919	-1.057
-1.319	-1.117	-1.087	-0.956	-0.931	-1.037
-1.633	-0.825	-1.011	-0.918	-1.155	-1.215
-0.367	-0.377	-0.100	-0.011	-0.166	-0.480
-1.583	-1.401	-1.430	-1.124	-1.062	-1.127
-1.293	-1.429	-1.698	-1.381	-1.122	-0.996
0.268	0.259	0.185	0.509	0.740	0.697
-1.220	-0.892	-0.529	-0.614	-0.593	-0.791
-1.415	-1.444	-1.152	-1.060	-1.035	-1.783
-0.930	-0.855	-1.302	-1.079	-1.071	-0.880
-1.047	-0.828	-0.892	-0.803	-0.925	-0.851
-1.345	-1.029	-1.115	-0.778	-0.644	-0.677
-1.773	-2.017	-1.580	-1.219	-0.915	-0.896
-1.572	-1.085	-1.287	-1.103	-1.146	-1.249
-1.448	-0.938	-0.933	-0.870	-0.874	-0.876
-1.191	-1.046	-0.855	-0.785	-1.076	-1.128
-1.286	-1.016	-1.301	-1.150	-1.135	-1.059
-1.131	-0.954	-1.128	-1.213	-1.036	-0.967
-0.320	-0.557	-0.554	-0.991	-0.946	-0.743
-0.681	-1.007	-0.994	-0.634	-0.691	-0.600
-1.342	-1.270	-1.392	-1.143	-1.108	-1.071
-0.696	-0.764	-1.013	-0.774	-0.756	-0.917
-1.474	-0.698	-0.660	-0.682	-0.701	-0.768
-1.276	-1.041	-1.307	-1.031	-1.004	-0.963
-1.112	-0.989	-1.078	-1.052	-0.957	-0.840
-1.938	-1.483	-1.635	-1.366	-1.510	-1.299
-1.428	-1.378	-1.324	-1.232	-1.181	-1.303
-1.415	-1.091	-1.295	-1.360	-1.200	-1.240
-1.270	-0.990	-1.254	-1.036	-1.064	-1.016
-2.083	-1.109	-1.060	-1.106	-1.187	-1.358
-1.309	-0.780	-1.058	-0.969	-0.969	-0.929
-1.115	-0.495	-0.846	-1.012	-0.992	-0.844
-1.232	-1.119	-0.957	-1.135	-1.364	-1.330
-1.655	-1.239	-1.423	-1.440	-1.406	-1.303
-1.575	-1.514	-1.338	-1.235	-1.228	-1.268
-1.211	-1.314	-1.262	-1.110	-1.039	-1.008
-1.546	-0.980	-1.037	-1.065	-1.051	-1.095
-0.223	2.259	3.404	2.035	1.016	0.004
-1.667	-1.340	-2.217	-1.511	-1.370	-1.148
-1.973	-1.480	-1.474	-1.242	-1.231	-1.286
-2.001	-1.193	-0.942	-0.649	-0.724	-0.913
-1.345	-1.106	-0.767	-0.746	-0.760	-0.918
-1.388	-0.743	-0.664	-0.741	-0.903	-0.858
-1.334	-0.923	-1.031	-0.830	-0.855	-0.930
-1.306	-0.941	-0.668	-0.664	-0.815	-0.901
-1.631	-0.989	-0.974	-1.016	-1.073	-1.237
-0.630	0.016	0.211	-0.198	-0.373	-0.886
-1.476	-0.948	-1.053	-1.023	-1.010	-0.971
-1.134	-1.032	-1.245	-1.018	-0.944	-0.956
-1.249	-1.129	-0.836	-0.887	-1.016	-0.917
-1.860	-1.092	-1.031	-0.970	-1.057	-1.136
-1.438	-1.780	-1.219	-0.793	-0.585	-0.716
-1.398	-1.185	-0.993	-0.971	-1.004	-0.965
-1.359	-1.072	-1.254	-1.108	-1.042	-0.991
-1.147	-1.066	-1.093	-1.012	-0.969	-1.042
-1.819	-1.329	-1.408	-1.261	-1.298	-1.366
-1.976	-1.400	-1.873	-1.375	-1.213	-1.324
-0.766	-1.081	-0.578	-0.918	-0.838	-0.821
-1.981	-1.341	-1.726	-1.276	-1.129	-1.088
-1.356	-0.848	-1.037	-0.998	-0.912	-1.077
-1.643	-1.234	-1.216	-1.116	-1.085	-1.142
-2.157	-1.212	-1.266	-1.199	-1.265	-1.345
-2.099	-1.370	-1.269	-1.045	-1.113	-1.276
-1.347	-1.123	-1.081	-1.110	-1.066	-1.032
-1.483	-1.135	-1.355	-1.213	-1.128	-0.977
-1.212	-0.872	-0.931	-0.891	-1.037	-1.062
-1.116	-1.176	-0.926	-0.928	-1.128	-1.270
-1.398	-1.203	-0.930	-0.788	-0.891	-0.945
-1.119	-1.159	-0.966	-1.057	-0.997	-0.974
-1.031	-1.425	-1.443	-1.491	-1.375	-1.475
-2.094	-1.515	-1.240	-1.214	-1.156	-1.283
-1.531	-0.921	-0.928	-0.740	-0.680	-0.768
-1.747	-0.798	-1.145	-1.169	-1.144	-1.163
-1.122	-1.131	-1.267	-1.054	-1.075	-2.088
-1.298	-1.233	-1.264	-1.158	-1.120	-1.145
-1.693	-1.287	-1.397	-1.439	-1.364	-1.000
-0.905	1.294	2.103	0.946	0.363	-0.964
-1.565	-1.274	-1.173	-0.757	-0.849	-1.114
-1.271	-1.191	-1.481	-1.549	-1.502	-1.274
-1.106	-1.420	-2.305	-1.523	-1.171	-0.392
-1.235	-0.962	-0.893	-0.951	-0.920	-0.936
-1.104	-0.837	-1.038	-1.018	-0.981	-1.070
-1.941	-1.450	-1.530	-1.203	-1.219	-1.313
-1.289	-1.247	-1.219	-1.015	-0.947	-0.787
-1.447	-1.336	-1.265	-1.575	-1.348	-1.167
-1.705	-1.589	-1.926	-1.646	-1.520	-1.363
-1.478	-0.928	-0.979	-0.848	-0.761	-0.851
-1.301	-1.037	-1.251	-1.175	-1.079	-0.969
-0.935	-1.019	-1.015	-0.765	-0.667	-0.730
-0.613	-0.446	-0.389	-0.384	-0.438	-0.473
-1.496	-0.881	-0.907	-0.826	-0.773	-0.735
-1.706	-1.063	-1.094	-0.948	-0.954	-1.111
-1.611	-1.626	-1.698	-1.694	-1.643	-1.605
-1.009	-0.734	-0.633	-0.543	-0.623	-0.663
-1.173	-0.732	-0.427	-0.286	-0.246	-0.397
-1.318	-0.972	-0.926	-0.931	-0.957	-1.030
-1.070	-0.867	-0.480	-0.571	-0.614	-0.848
-1.607	-1.375	-1.404	-1.432	-1.372	-1.271
-1.688	-1.463	-0.976	-0.930	-0.964	-1.030
-1.763	-1.414	-2.208	-1.401	-1.111	-0.966
-1.381	-1.295	-1.251	-1.115	-1.164	-1.048
-1.121	-0.980	-0.830	-0.907	-0.991	-1.123
-1.702	-2.157	-2.157	-1.826	-1.716	-1.089
-0.765	-0.246	-0.069	-0.112	-0.377	-0.433
-1.510	-0.886	-0.795	-0.798	-0.957	-1.093
-1.877	-1.376	-1.409	-1.289	-1.216	-1.233
-1.637	-1.047	-1.052	-0.979	-0.969	-1.104
-1.102	-0.421	-0.475	-0.416	-0.429	-0.553
-1.431	-1.011	-0.887	-0.866	-0.869	-1.020
-1.780	-1.630	-1.264	-1.421	-1.331	-1.210
-1.631	-0.954	-0.958	-0.980	-1.011	-1.048
-1.302	-0.840	-1.002	-0.959	-0.980	-1.489
-1.738	-1.375	-1.255	-1.154	-1.090	-1.072
-1.123	-0.577	-0.469	-0.526	-0.607	-0.740
-1.211	-0.898	-0.962	-0.881	-0.923	-0.961
-1.296	-1.015	-1.013	-0.979	-0.954	-0.945
-1.017	-0.372	-0.515	-0.562	-0.645	-0.729
-1.343	-1.213	-1.103	-1.165	-1.194	-1.379
-1.126	-1.109	-1.459	-1.159	-0.991	-0.482
-1.127	-1.387	-1.259	-1.407	-1.364	-0.913
-1.319	-0.952	-1.439	-1.237	-1.087	-0.887
-0.223	-0.561	-1.005	-0.866	-0.408	0.586
-1.435	-1.172	-1.307	-1.261	-1.135	-0.998
-1.652	-1.368	-1.557	-1.268	-1.231	-1.212
-1.622	-1.271	-1.670	-1.469	-1.238	-1.012
-1.983	-1.288	-1.705	-1.568	-1.322	-1.260
-1.156	-1.094	-1.016	-0.935	-0.955	-0.932
-1.333	-1.854	-1.780	-1.462	-1.152	-1.200
-1.422	-1.020	-1.067	-1.049	-1.074	-1.182
-1.640	-1.313	-1.132	-1.183	-1.075	-1.076
-1.150	-1.208	-1.592	-1.215	-1.345	-1.070
-1.464	-0.848	-0.788	-0.924	-0.987	-0.970
-1.404	-0.923	-1.317	-1.262	-1.235	-1.197
-1.121	-0.930	-0.887	-0.831	-0.900	-1.020
-1.525	-1.591	-1.382	-0.992	-1.061	-1.030
-1.204	-1.121	-1.388	-1.055	-0.977	-1.049
-1.493	-0.935	-0.769	-0.737	-0.810	-0.863
-1.839	-1.443	-1.544	-1.738	-1.447	-1.203
-1.389	-1.240	-1.191	-1.127	-1.170	-1.099
-2.207	-1.405	-1.714	-1.625	-1.568	-1.821
-1.331	-0.884	-0.925	-0.907	-0.970	-1.063
-1.754	-1.266	-1.274	-1.089	-1.067	-1.141
-1.069	-1.132	-1.026	-0.979	-1.008	-1.109
-1.109	-0.492	-0.388	-0.396	-0.476	-0.607
-1.450	-0.905	-1.174	-1.285	-1.186	-1.218
-0.669	-0.514	-0.553	-0.504	-0.637	-0.672
-1.676	-1.034	-1.078	-1.016	-1.015	-1.115
-1.433	-1.389	-1.220	-1.198	-1.299	-1.404
-1.390	-1.091	-1.118	-0.979	-0.968	-1.144
-1.086	-0.342	-0.270	-0.378	-0.396	-0.488
-0.254	-0.704	-0.117	-0.129	-0.294	-0.176
0.059	-0.968	-1.216	-0.782	-0.601	1.900
-1.609	-1.544	-1.545	-1.415	-1.322	-1.365
-1.362	-1.056	-1.138	-0.898	-0.846	-0.844
-1.189	-1.115	-1.487	-1.257	-1.264	-1.218
-1.281	-1.308	-1.358	-1.195	-1.196	-1.271
-1.538	-1.211	-0.984	-0.955	-0.995	-1.097
-1.116	-1.267	-1.122	-1.179	-1.248	-0.938
-1.088	-0.684	-0.717	-0.513	-0.463	-0.350
-1.235	-1.021	-1.458	-1.114	-1.047	-1.006
0.282	0.519	0.051	-0.029	-0.128	-0.169
-1.676	-1.228	-1.328	-1.171	-1.211	-1.204
-1.658	-1.239	-1.589	-1.382	-1.363	-1.435
-1.122	-1.130	-1.140	-0.935	-0.867	-0.808
1.270	1.405	1.236	1.224	1.121	0.989
-0.813	-0.965	-1.075	-0.921	-0.980	-0.899
-1.347	-1.070	-1.316	-0.916	-0.819	-0.907
-1.850	-0.964	-1.077	-1.116	-1.053	-1.181
-1.685	-1.041	-1.336	-0.958	-0.992	-1.119
-1.518	-1.272	-1.344	-1.190	-1.153	-1.224
-0.318	-0.239	-0.369	-0.430	-0.622	-0.300
-1.608	-1.017	-0.953	-0.990	-0.982	-1.040
-1.636	-0.929	-1.046	-0.952	-0.929	-1.088
-1.389	-1.499	-1.367	-1.212	-1.139	-1.151
-1.851	-1.535	-1.594	-1.381	-1.353	-1.338
-1.482	-1.066	-1.192	-0.989	-1.102	-1.168
-1.006	-1.012	-0.982	-0.926	-0.956	-1.103
-1.149	-1.273	-1.222	-1.224	-1.142	-1.135
-1.294	-1.063	-1.163	-0.978	-0.979	-0.891
-1.435	-1.430	-1.496	-1.389	-1.063	-0.779
-1.772	-1.453	-1.380	-1.452	-1.435	-1.067
-1.520	-0.890	-0.862	-0.840	-0.823	-0.923
-1.641	-1.387	-1.113	-1.292	-1.465	-1.224
-1.723	-1.029	-1.163	-1.135	-1.116	-1.079
-1.143	-1.207	-1.573	-1.408	-1.207	-0.894
-1.123	-1.513	-1.408	-1.133	-1.147	-0.661
-0.993	-0.573	-0.557	-0.718	-0.816	-0.839
-1.536	-1.497	-1.336	-1.325	-1.183	-1.014
-1.411	-1.220	-1.318	-1.169	-1.082	-1.231
-0.570	-1.298	-1.643	-1.047	-0.809	0.492
-1.713	-1.294	-0.918	-0.653	-0.681	-0.823
0.837	0.954	0.871	1.299	1.145	1.126
-0.691	-0.483	-0.748	-0.716	-0.767	-0.662
-0.916	-0.816	-0.751	-0.726	-0.792	-0.815
0.363	-0.722	-0.323	-0.334	-0.454	0.629
-0.640	-0.300	-0.152	-0.149	-0.228	-0.441
-1.344	-1.232	-1.429	-1.295	-1.278	-1.011
-1.353	-0.867	-0.853	-0.817	-0.903	-1.054
-1.460	-0.940	-1.421	-1.302	-1.226	-1.183
-1.001	-0.914	-0.968	-0.821	-0.706	-0.570
-1.249	-1.339	-1.315	-1.349	-1.250	-1.225
-1.783	-1.156	-1.181	-1.012	-0.893	-0.903
-1.853	-1.034	-0.985	-0.946	-1.012	-1.108
-2.008	-1.136	-1.388	-1.243	-1.129	-1.214
-2.085	-1.166	-1.076	-1.183	-1.256	-1.382
-1.575	-1.474	-1.017	-0.964	-0.937	-0.959
-1.443	-0.945	-0.653	-0.869	-0.881	-1.104
-1.064	-1.079	-0.929	-0.991	-1.009	-1.101
-1.259	-1.390	-1.510	-1.255	-1.049	-0.889
-0.777	-0.676	-0.902	-0.644	-0.573	-0.640
-1.477	-0.683	-0.455	-0.519	-0.618	-0.823
-1.316	-0.502	-0.732	-0.725	-0.757	-0.756
