B-idx	It-idx	Energy	Acceptance~
0	0	-0.000903108	0.01
0	1	-0.00158643	0.02
0	2	-0.00204265	0.03
0	3	-0.00294087	0.04
0	4	-0.00295721	0.05
0	5	-0.00357019	0.06
0	6	-0.00385532	0.07
0	7	-0.00477121	0.08
0	8	-0.0053879	0.09
0	9	-0.00621689	0.1
0	10	-0.00667041	0.11
0	11	-0.0072274	0.12
0	12	-0.00736702	0.13
0	13	-0.00829471	0.14
0	14	-0.00879273	0.15
0	15	-0.00880022	0.16
0	16	-0.00943769	0.17
0	17	-0.0102717	0.18
0	18	-0.0112248	0.19
0	19	-0.0116531	0.2
0	20	-0.0122141	0.21
0	21	-0.0126671	0.22
0	22	-0.0135941	0.23
0	23	-0.013957	0.24
0	24	-0.0141698	0.25
0	25	-0.0148391	0.26
0	26	-0.0152503	0.27
0	27	-0.0161908	0.28
0	28	-0.0170752	0.29
0	29	-0.0176401	0.3
0	30	-0.0184904	0.31
0	31	-0.019081	0.32
0	32	-0.0199033	0.33
0	33	-0.019996	0.34
0	34	-0.0205515	0.35
0	35	-0.0208703	0.36
0	36	-0.0209075	0.37
0	37	-0.0211448	0.38
0	38	-0.0217132	0.39
0	39	-0.0219057	0.4
0	40	-0.021957	0.41
0	41	-0.0227314	0.42
0	42	-0.0234098	0.43
0	43	-0.023663	0.44
0	44	-0.0237336	0.45
0	45	-0.0237336	0.46
0	46	-0.0239431	0.47
0	47	-0.024534	0.48
0	48	-0.0254797	0.49
0	49	-0.0262549	0.5
0	50	-0.0267024	0.51
0	51	-0.0275178	0.52
0	52	-0.0276852	0.53
0	53	-0.0278928	0.54
0	54	-0.0288266	0.55
0	55	-0.0291843	0.56
0	56	-0.029645	0.57
0	57	-0.0297278	0.58
0	58	-0.0303111	0.59
0	59	-0.0303111	0.6
0	60	-0.0303111	0.61
0	61	-0.0303111	0.62
0	62	-0.030449	0.63
0	63	-0.0312999	0.64
0	64	-0.0312999	0.65
0	65	-0.0315702	0.66
0	66	-0.0321659	0.67
0	67	-0.032554	0.68
0	68	-0.0331314	0.69
0	69	-0.0331708	0.7
0	70	-0.0331708	0.71
0	71	-0.0334435	0.72
0	72	-0.0340539	0.73
0	73	-0.0340539	0.74
0	74	-0.034054	0.75
0	75	-0.0341422	0.76
0	76	-0.0346261	0.77
0	77	-0.0347402	0.78
0	78	-0.0355861	0.79
0	79	-0.0357859	0.8
0	80	-0.0360445	0.81
0	81	-0.0364262	0.82
0	82	-0.0367429	0.83
0	83	-0.0368964	0.84
0	84	-0.0371907	0.85
0	85	-0.0380436	0.86
0	86	-0.0383632	0.87
0	87	-0.0385955	0.88
0	88	-0.0385955	0.89
0	89	-0.0394096	0.9
0	90	-0.0396187	0.91
0	91	-0.0396187	0.92
0	92	-0.0398959	0.93
0	93	-0.0401397	0.94
0	94	-0.0407827	0.95
0	95	-0.0407827	0.96
0	96	-0.0407827	0.97
0	97	-0.041369	0.98
0	98	-0.0421364	0.99
0	99	-0.0421364	1
1	0	-0.0423335	0.01
1	1	-0.0427669	0.02
1	2	-0.0433553	0.03
1	3	-0.0433803	0.04
1	4	-0.0437909	0.05
1	5	-0.0437909	0.06
1	6	-0.0445161	0.07
1	7	-0.0445161	0.08
1	8	-0.044986	0.09
1	9	-0.0456654	0.1
1	10	-0.0457468	0.11
1	11	-0.0459486	0.12
1	12	-0.0460735	0.13
1	13	-0.046426	0.14
1	14	-0.0468177	0.15
1	15	-0.0477313	0.16
1	16	-0.0481793	0.17
1	17	-0.0481793	0.18
1	18	-0.0483098	0.19
1	19	-0.048521	0.2
1	20	-0.0493138	0.21
1	21	-0.049447	0.22
1	22	-0.0499957	0.23
1	23	-0.0499957	0.24
1	24	-0.0509988	0.25
1	25	-0.0513001	0.26
1	26	-0.0522462	0.27
1	27	-0.0529977	0.28
1	28	-0.053496	0.29
1	29	-0.053496	0.3
1	30	-0.0543171	0.31
1	31	-0.0549533	0.32
1	32	-0.0551067	0.33
1	33	-0.0553652	0.34
1	34	-0.056122	0.35
1	35	-0.056636	0.36
1	36	-0.0570843	0.37
1	37	-0.0570844	0.38
1	38	-0.0570844	0.39
1	39	-0.0579449	0.4
1	40	-0.0586221	0.41
1	41	-0.0592463	0.42
1	42	-0.0592463	0.43
1	43	-0.0599097	0.44
1	44	-0.0599097	0.45
1	45	-0.0599568	0.46
1	46	-0.0599568	0.47
1	47	-0.0599568	0.48
1	48	-0.0608971	0.49
1	49	-0.0616503	0.5
1	50	-0.0620463	0.51
1	51	-0.0629603	0.52
1	52	-0.0639876	0.53
1	53	-0.06495	0.54
1	54	-0.0649824	0.55
1	55	-0.0649824	0.56
1	56	-0.0656053	0.57
1	57	-0.0656053	0.58
1	58	-0.0664139	0.59
1	59	-0.0664139	0.6
1	60	-0.0672339	0.61
1	61	-0.0672339	0.62
1	62	-0.0672339	0.63
1	63	-0.0672339	0.64
1	64	-0.0673087	0.65
1	65	-0.067982	0.66
1	66	-0.067982	0.66
1	67	-0.0684795	0.67
1	68	-0.069319	0.68
1	69	-0.0702412	0.69
1	70	-0.0702412	0.7
1	71	-0.0712541	0.71
1	72	-0.072258	0.72
1	73	-0.0726022	0.73
1	74	-0.07273	0.74
1	75	-0.07273	0.75
1	76	-0.0729105	0.76
1	77	-0.0731932	0.77
1	78	-0.0736898	0.78
1	79	-0.0739057	0.79
1	80	-0.0740216	0.8
1	81	-0.0747549	0.81
1	82	-0.0755662	0.82
1	83	-0.0757951	0.83
1	84	-0.075983	0.84
1	85	-0.075983	0.85
1	86	-0.075983	0.86
1	87	-0.0761899	0.87
1	88	-0.0767137	0.88
1	89	-0.0767137	0.89
1	90	-0.0776616	0.9
1	91	-0.0776616	0.91
1	92	-0.0776616	0.92
1	93	-0.0776616	0.93
1	94	-0.0785254	0.94
1	95	-0.0792376	0.95
1	96	-0.0795224	0.96
1	97	-0.0798144	0.97
1	98	-0.0798144	0.98
1	99	-0.0804458	0.99
2	0	-0.0805517	0.01
2	1	-0.0805658	0.02
2	2	-0.0805769	0.03
2	3	-0.080459	0.04
2	4	-0.080459	0.05
2	5	-0.0807581	0.06
2	6	-0.0807581	0.07
2	7	-0.0813277	0.08
2	8	-0.0823175	0.09
2	9	-0.0823971	0.1
2	10	-0.0827011	0.11
2	11	-0.0834081	0.12
2	12	-0.0838854	0.13
2	13	-0.0838854	0.14
2	14	-0.0847077	0.15
2	15	-0.0856128	0.16
2	16	-0.0863317	0.17
2	17	-0.0863317	0.18
2	18	-0.0863317	0.19
2	19	-0.0864961	0.2
2	20	-0.0867295	0.21
2	21	-0.0867296	0.22
2	22	-0.0870489	0.23
2	23	-0.087102	0.24
2	24	-0.0875375	0.25
2	25	-0.0876288	0.26
2	26	-0.0884921	0.27
2	27	-0.0893439	0.28
2	28	-0.0900393	0.29
2	29	-0.0907015	0.3
2	30	-0.0911817	0.31
2	31	-0.0919472	0.32
2	32	-0.0919472	0.33
2	33	-0.092293	0.34
2	34	-0.0926284	0.35
2	35	-0.0926284	0.36
2	36	-0.0930837	0.37
2	37	-0.0935327	0.38
2	38	-0.0941694	0.39
2	39	-0.094571	0.4
2	40	-0.0955213	0.41
2	41	-0.0955213	0.42
2	42	-0.0956715	0.43
2	43	-0.0964889	0.44
2	44	-0.0965673	0.45
2	45	-0.0969268	0.46
2	46	-0.0978933	0.47
2	47	-0.0984524	0.48
2	48	-0.0991461	0.49
2	49	-0.0991461	0.5
2	50	-0.0995797	0.51
2	51	-0.0995797	0.52
2	52	-0.0995797	0.53
2	53	-0.100394	0.54
2	54	-0.100394	0.55
2	55	-0.100774	0.56
2	56	-0.100774	0.57
2	57	-0.101322	0.58
2	58	-0.101322	0.59
2	59	-0.101322	0.6
2	60	-0.102121	0.61
2	61	-0.103112	0.62
2	62	-0.103112	0.63
2	63	-0.103112	0.64
2	64	-0.103178	0.65
2	65	-0.103178	0.66
2	66	-0.103302	0.67
2	67	-0.103878	0.68
2	68	-0.103907	0.69
2	69	-0.103907	0.7
2	70	-0.104405	0.71
2	71	-0.104405	0.72
2	72	-0.10458	0.73
2	73	-0.104633	0.74
2	74	-0.105662	0.75
2	75	-0.106249	0.76
2	76	-0.106249	0.77
2	77	-0.106249	0.78
2	78	-0.106249	0.79
2	79	-0.106378	0.8
2	80	-0.106716	0.81
2	81	-0.106716	0.82
2	82	-0.106717	0.83
2	83	-0.10773	0.84
2	84	-0.10773	0.85
2	85	-0.107873	0.86
2	86	-0.107873	0.87
2	87	-0.107873	0.88
2	88	-0.107873	0.89
2	89	-0.107873	0.9
2	90	-0.107873	0.91
2	91	-0.108212	0.92
2	92	-0.108894	0.93
2	93	-0.108894	0.94
2	94	-0.109246	0.95
2	95	-0.10928	0.96
2	96	-0.10928	0.97
2	97	-0.10928	0.98
2	98	-0.10928	0.99
2	99	-0.10928	1
3	0	-0.10928	0.01
3	1	-0.110094	0.02
3	2	-0.110718	0.03
3	3	-0.111243	0.04
3	4	-0.111528	0.05
3	5	-0.112291	0.06
3	6	-0.112306	0.07
3	7	-0.113109	0.08
3	8	-0.113109	0.09
3	9	-0.113109	0.1
3	10	-0.113175	0.11
3	11	-0.113606	0.12
3	12	-0.114575	0.13
3	13	-0.114575	0.14
3	14	-0.115383	0.15
3	15	-0.116458	0.16
3	16	-0.116707	0.17
3	17	-0.116707	0.18
3	18	-0.116707	0.19
3	19	-0.116779	0.2
3	20	-0.117157	0.21
3	21	-0.117157	0.22
3	22	-0.117157	0.23
3	23	-0.117157	0.24
3	24	-0.117602	0.25
3	25	-0.117602	0.25
3	26	-0.117602	0.26
3	27	-0.117602	0.27
3	28	-0.117602	0.28
3	29	-0.118154	0.29
3	30	-0.118508	0.3
3	31	-0.118508	0.31
3	32	-0.118508	0.32
3	33	-0.11885	0.33
3	34	-0.118886	0.34
3	35	-0.118886	0.35
3	36	-0.118886	0.36
3	37	-0.118886	0.37
3	38	-0.118886	0.38
3	39	-0.119788	0.39
3	40	-0.119788	0.4
3	41	-0.120187	0.41
3	42	-0.120187	0.42
3	43	-0.120187	0.43
3	44	-0.120187	0.44
3	45	-0.120187	0.45
3	46	-0.120187	0.46
3	47	-0.120187	0.47
3	48	-0.120187	0.48
3	49	-0.121031	0.49
3	50	-0.121493	0.5
3	51	-0.122344	0.51
3	52	-0.122425	0.52
3	53	-0.122662	0.53
3	54	-0.123797	0.54
3	55	-0.124519	0.55
3	56	-0.125229	0.56
3	57	-0.125819	0.57
3	58	-0.126188	0.58
3	59	-0.126188	0.59
3	60	-0.126692	0.6
3	61	-0.126692	0.61
3	62	-0.126692	0.62
3	63	-0.12755	0.63
3	64	-0.128254	0.64
3	65	-0.128254	0.65
3	66	-0.129107	0.66
3	67	-0.129107	0.67
3	68	-0.129204	0.68
3	69	-0.129204	0.69
3	70	-0.129204	0.7
3	71	-0.129204	0.71
3	72	-0.129204	0.72
3	73	-0.129543	0.73
3	74	-0.130222	0.74
3	75	-0.131015	0.75
3	76	-0.131583	0.76
3	77	-0.131583	0.77
3	78	-0.131583	0.77
3	79	-0.131755	0.78
3	80	-0.13255	0.79
3	81	-0.13255	0.8
3	82	-0.132923	0.81
3	83	-0.133411	0.82
3	84	-0.13445	0.83
3	85	-0.135518	0.84
3	86	-0.135518	0.85
3	87	-0.136248	0.86
3	88	-0.136577	0.87
3	89	-0.136881	0.88
3	90	-0.136897	0.89
3	91	-0.137981	0.9
3	92	-0.13872	0.91
3	93	-0.138721	0.92
3	94	-0.139522	0.93
3	95	-0.139522	0.94
3	96	-0.139714	0.95
3	97	-0.139978	0.96
3	98	-0.140231	0.97
3	99	-0.140231	0.98
4	0	-0.140252	0.01
4	1	-0.140252	0.02
4	2	-0.141376	0.03
4	3	-0.14211	0.04
4	4	-0.14211	0.05
4	5	-0.142999	0.06
4	6	-0.142999	0.07
4	7	-0.143587	0.08
4	8	-0.144603	0.09
4	9	-0.144603	0.1
4	10	-0.144603	0.11
4	11	-0.145493	0.12
4	12	-0.145898	0.13
4	13	-0.146664	0.14
4	14	-0.146664	0.15
4	15	-0.147542	0.16
4	16	-0.147542	0.17
4	17	-0.147542	0.18
4	18	-0.147542	0.19
4	19	-0.147542	0.2
4	20	-0.147542	0.21
4	21	-0.148018	0.22
4	22	-0.148018	0.23
4	23	-0.148018	0.24
4	24	-0.148018	0.25
4	25	-0.148078	0.26
4	26	-0.148078	0.27
4	27	-0.148078	0.28
4	28	-0.148078	0.29
4	29	-0.148078	0.3
4	30	-0.148098	0.31
4	31	-0.148738	0.32
4	32	-0.149566	0.33
4	33	-0.149566	0.34
4	34	-0.150002	0.35
4	35	-0.150872	0.36
4	36	-0.150872	0.37
4	37	-0.152078	0.38
4	38	-0.152078	0.39
4	39	-0.152498	0.4
4	40	-0.152498	0.41
4	41	-0.153102	0.42
4	42	-0.153102	0.43
4	43	-0.153988	0.44
4	44	-0.154951	0.45
4	45	-0.155136	0.46
4	46	-0.155136	0.47
4	47	-0.155136	0.48
4	48	-0.155136	0.49
4	49	-0.155522	0.5
4	50	-0.156069	0.51
4	51	-0.156069	0.52
4	52	-0.156728	0.53
4	53	-0.157466	0.54
4	54	-0.157466	0.55
4	55	-0.157466	0.56
4	56	-0.157466	0.57
4	57	-0.157466	0.58
4	58	-0.158515	0.59
4	59	-0.158642	0.6
4	60	-0.159521	0.61
4	61	-0.159521	0.62
4	62	-0.159521	0.63
4	63	-0.160143	0.64
4	64	-0.160143	0.65
4	65	-0.160143	0.66
4	66	-0.160143	0.67
4	67	-0.160952	0.68
4	68	-0.161739	0.69
4	69	-0.162939	0.7
4	70	-0.162939	0.71
4	71	-0.163767	0.72
4	72	-0.163767	0.73
4	73	-0.163767	0.74
4	74	-0.164399	0.75
4	75	-0.164399	0.75
4	76	-0.164399	0.76
4	77	-0.164399	0.77
4	78	-0.164399	0.78
4	79	-0.164399	0.79
4	80	-0.165522	0.8
4	81	-0.165522	0.81
4	82	-0.165567	0.82
4	83	-0.166421	0.83
4	84	-0.166421	0.84
4	85	-0.167526	0.85
4	86	-0.167526	0.86
4	87	-0.167526	0.87
4	88	-0.167526	0.88
4	89	-0.167643	0.89
4	90	-0.167643	0.9
4	91	-0.167643	0.91
4	92	-0.168008	0.92
4	93	-0.168008	0.93
4	94	-0.168008	0.94
4	95	-0.168008	0.95
4	96	-0.169071	0.96
4	97	-0.169525	0.97
4	98	-0.169525	0.98
4	99	-0.170165	0.99
5	0	-0.170389	0.01
5	1	-0.171453	0.02
5	2	-0.171453	0.03
5	3	-0.171453	0.04
5	4	-0.171501	0.05
5	5	-0.17175	0.06
5	6	-0.172537	0.07
5	7	-0.172537	0.08
5	8	-0.17264	0.09
5	9	-0.173525	0.1
5	10	-0.173525	0.11
5	11	-0.173525	0.12
5	12	-0.173525	0.13
5	13	-0.173525	0.14
5	14	-0.173738	0.15
5	15	-0.173738	0.16
5	16	-0.173738	0.17
5	17	-0.174819	0.18
5	18	-0.175928	0.19
5	19	-0.177061	0.2
5	20	-0.177971	0.21
5	21	-0.178214	0.22
5	22	-0.178706	0.23
5	23	-0.179732	0.24
5	24	-0.180113	0.25
5	25	-0.180196	0.26
5	26	-0.181054	0.27
5	27	-0.181054	0.28
5	28	-0.181054	0.29
5	29	-0.181329	0.3
5	30	-0.181329	0.31
5	31	-0.181579	0.32
5	32	-0.181692	0.33
5	33	-0.181692	0.34
5	34	-0.182391	0.35
5	35	-0.182391	0.36
5	36	-0.182391	0.37
5	37	-0.182391	0.38
5	38	-0.183601	0.39
5	39	-0.183601	0.4
5	40	-0.183601	0.41
5	41	-0.183601	0.42
5	42	-0.183601	0.43
5	43	-0.183601	0.44
5	44	-0.183601	0.45
5	45	-0.183601	0.46
5	46	-0.183601	0.47
5	47	-0.184565	0.48
5	48	-0.184669	0.49
5	49	-0.185189	0.5
5	50	-0.185189	0.51
5	51	-0.185189	0.52
5	52	-0.186073	0.53
5	53	-0.187112	0.54
5	54	-0.188038	0.55
5	55	-0.188161	0.56
5	56	-0.188161	0.57
5	57	-0.188161	0.58
5	58	-0.189155	0.59
5	59	-0.189594	0.6
5	60	-0.189594	0.61
5	61	-0.190004	0.62
5	62	-0.191022	0.63
5	63	-0.191733	0.64
5	64	-0.192922	0.65
5	65	-0.193296	0.66
5	66	-0.193296	0.67
5	67	-0.193629	0.68
5	68	-0.193629	0.69
5	69	-0.193629	0.7
5	70	-0.193629	0.71
5	71	-0.193629	0.72
5	72	-0.193629	0.73
5	73	-0.194001	0.74
5	74	-0.194475	0.75
5	75	-0.194475	0.76
5	76	-0.194505	0.77
5	77	-0.194615	0.78
5	78	-0.194647	0.79
5	79	-0.195755	0.8
5	80	-0.19619	0.81
5	81	-0.19619	0.82
5	82	-0.196928	0.83
5	83	-0.196928	0.84
5	84	-0.196928	0.85
5	85	-0.196928	0.86
5	86	-0.196928	0.87
5	87	-0.196928	0.88
5	88	-0.197819	0.89
5	89	-0.198711	0.9
5	90	-0.198711	0.91
5	91	-0.198711	0.92
5	92	-0.198711	0.93
5	93	-0.198711	0.94
5	94	-0.198711	0.95
5	95	-0.198711	0.96
5	96	-0.198711	0.96
5	97	-0.198973	0.97
5	98	-0.198973	0.98
5	99	-0.198973	0.99
6	0	-0.199659	0.01
6	1	-0.199659	0.02
6	2	-0.200104	0.03
6	3	-0.200636	0.04
6	4	-0.200636	0.05
6	5	-0.200636	0.06
6	6	-0.201099	0.07
6	7	-0.201099	0.08
6	8	-0.201901	0.09
6	9	-0.201901	0.1
6	10	-0.203041	0.11
6	11	-0.203295	0.12
6	12	-0.203673	0.13
6	13	-0.204732	0.14
6	14	-0.205908	0.15
6	15	-0.206436	0.16
6	16	-0.206436	0.17
6	17	-0.206436	0.18
6	18	-0.20731	0.19
6	19	-0.207951	0.2
6	20	-0.208397	0.21
6	21	-0.208398	0.22
6	22	-0.209587	0.23
6	23	-0.209956	0.24
6	24	-0.209956	0.25
6	25	-0.209956	0.26
6	26	-0.209956	0.27
6	27	-0.210404	0.28
6	28	-0.210404	0.29
6	29	-0.210404	0.3
6	30	-0.210404	0.31
6	31	-0.210554	0.32
6	32	-0.210554	0.33
6	33	-0.211061	0.34
6	34	-0.211061	0.35
6	35	-0.211345	0.36
6	36	-0.211345	0.37
6	37	-0.211345	0.38
6	38	-0.211345	0.39
6	39	-0.212131	0.4
6	40	-0.212492	0.41
6	41	-0.212492	0.42
6	42	-0.212492	0.43
6	43	-0.213711	0.44
6	44	-0.213812	0.45
6	45	-0.213812	0.46
6	46	-0.213812	0.47
6	47	-0.213812	0.48
6	48	-0.213854	0.49
6	49	-0.214519	0.5
6	50	-0.214519	0.51
6	51	-0.214678	0.52
6	52	-0.214678	0.53
6	53	-0.215915	0.54
6	54	-0.215915	0.55
6	55	-0.215915	0.56
6	56	-0.216737	0.57
6	57	-0.217422	0.58
6	58	-0.217422	0.59
6	59	-0.218039	0.6
6	60	-0.218039	0.61
6	61	-0.218377	0.62
6	62	-0.218377	0.63
6	63	-0.218273	0.64
6	64	-0.219057	0.65
6	65	-0.219057	0.66
6	66	-0.219057	0.67
6	67	-0.219696	0.68
6	68	-0.22007	0.69
6	69	-0.22127	0.7
6	70	-0.222523	0.71
6	71	-0.222523	0.72
6	72	-0.222523	0.73
6	73	-0.222523	0.74
6	74	-0.222636	0.75
6	75	-0.222873	0.76
6	76	-0.222873	0.77
6	77	-0.223902	0.78
6	78	-0.22358	0.79
6	79	-0.224491	0.8
6	80	-0.224667	0.81
6	81	-0.224667	0.82
6	82	-0.224905	0.83
6	83	-0.224905	0.84
6	84	-0.22615	0.85
6	85	-0.22615	0.86
6	86	-0.226793	0.87
6	87	-0.226796	0.88
6	88	-0.227514	0.89
6	89	-0.227514	0.9
6	90	-0.228614	0.91
6	91	-0.228956	0.92
6	92	-0.228956	0.93
6	93	-0.228956	0.94
6	94	-0.228956	0.95
6	95	-0.229604	0.96
6	96	-0.229604	0.97
6	97	-0.229604	0.98
6	98	-0.229604	0.99
6	99	-0.229604	1
7	0	-0.230748	0.01
7	1	-0.231385	0.02
7	2	-0.231385	0.03
7	3	-0.231385	0.04
7	4	-0.231385	0.05
7	5	-0.231554	0.06
7	6	-0.231554	0.07
7	7	-0.232576	0.08
7	8	-0.232576	0.09
7	9	-0.232576	0.1
7	10	-0.232576	0.11
7	11	-0.232791	0.12
7	12	-0.232791	0.13
7	13	-0.232791	0.14
7	14	-0.232791	0.15
7	15	-0.234187	0.16
7	16	-0.234187	0.17
7	17	-0.235381	0.18
7	18	-0.235381	0.19
7	19	-0.235381	0.2
7	20	-0.235381	0.21
7	21	-0.235381	0.22
7	22	-0.235381	0.23
7	23	-0.235381	0.24
7	24	-0.236317	0.25
7	25	-0.236317	0.26
7	26	-0.237335	0.27
7	27	-0.238698	0.28
7	28	-0.239259	0.29
7	29	-0.239259	0.3
7	30	-0.239259	0.31
7	31	-0.239259	0.32
7	32	-0.239259	0.33
7	33	-0.239259	0.34
7	34	-0.239259	0.35
7	35	-0.240542	0.36
7	36	-0.240825	0.37
7	37	-0.240825	0.38
7	38	-0.242011	0.39
7	39	-0.242011	0.4
7	40	-0.242496	0.41
7	41	-0.242496	0.42
7	42	-0.243239	0.43
7	43	-0.243847	0.44
7	44	-0.243847	0.45
7	45	-0.243847	0.46
7	46	-0.243847	0.47
7	47	-0.243847	0.48
7	48	-0.243847	0.49
7	49	-0.243847	0.5
7	50	-0.243847	0.51
7	51	-0.243847	0.52
7	52	-0.243847	0.53
7	53	-0.243972	0.54
7	54	-0.243972	0.55
7	55	-0.244924	0.56
7	56	-0.245878	0.57
7	57	-0.245878	0.58
7	58	-0.245878	0.59
7	59	-0.245878	0.6
7	60	-0.246228	0.61
7	61	-0.246228	0.62
7	62	-0.246228	0.63
7	63	-0.246228	0.64
7	64	-0.247455	0.65
7	65	-0.248797	0.66
7	66	-0.2488	0.67
7	67	-0.249661	0.68
7	68	-0.249736	0.69
7	69	-0.249736	0.7
7	70	-0.249736	0.71
7	71	-0.250208	0.72
7	72	-0.251574	0.73
7	73	-0.252941	0.74
7	74	-0.254087	0.75
7	75	-0.254087	0.76
7	76	-0.254087	0.76
7	77	-0.254087	0.77
7	78	-0.254087	0.78
7	79	-0.254087	0.79
7	80	-0.254269	0.8
7	81	-0.25427	0.81
7	82	-0.25427	0.81
7	83	-0.254577	0.82
7	84	-0.255311	0.83
7	85	-0.255311	0.84
7	86	-0.255311	0.85
7	87	-0.256064	0.86
7	88	-0.256769	0.87
7	89	-0.256769	0.88
7	90	-0.258034	0.89
7	91	-0.258033	0.9
7	92	-0.258033	0.91
7	93	-0.258033	0.92
7	94	-0.258033	0.93
7	95	-0.258033	0.94
7	96	-0.258033	0.95
7	97	-0.258108	0.96
7	98	-0.258108	0.97
7	99	-0.258108	0.98
8	0	-0.258108	0.01
8	1	-0.25825	0.02
8	2	-0.259166	0.03
8	3	-0.259166	0.04
8	4	-0.259166	0.05
8	5	-0.259166	0.06
8	6	-0.260279	0.07
8	7	-0.260986	0.08
8	8	-0.260986	0.09
8	9	-0.260986	0.1
8	10	-0.260986	0.11
8	11	-0.260986	0.12
8	12	-0.260986	0.13
8	13	-0.260986	0.14
8	14	-0.260986	0.15
8	15	-0.260986	0.16
8	16	-0.260986	0.17
8	17	-0.262338	0.18
8	18	-0.262338	0.19
8	19	-0.262338	0.19
8	20	-0.263695	0.2
8	21	-0.264436	0.21
8	22	-0.265279	0.22
8	23	-0.265279	0.23
8	24	-0.265279	0.24
8	25	-0.266083	0.25
8	26	-0.266083	0.26
8	27	-0.267103	0.27
8	28	-0.267636	0.28
8	29	-0.267636	0.29
8	30	-0.267642	0.3
8	31	-0.267642	0.31
8	32	-0.267642	0.32
8	33	-0.267642	0.33
8	34	-0.268743	0.34
8	35	-0.268743	0.35
8	36	-0.269698	0.36
8	37	-0.269698	0.37
8	38	-0.269698	0.38
8	39	-0.269698	0.39
8	40	-0.269698	0.4
8	41	-0.269698	0.41
8	42	-0.269966	0.42
8	43	-0.269903	0.43
8	44	-0.269903	0.44
8	45	-0.269903	0.45
8	46	-0.271247	0.46
8	47	-0.272458	0.47
8	48	-0.272458	0.48
8	49	-0.272852	0.49
8	50	-0.272852	0.5
8	51	-0.273764	0.51
8	52	-0.273763	0.52
8	53	-0.274689	0.53
8	54	-0.275728	0.54
8	55	-0.276157	0.55
8	56	-0.276517	0.56
8	57	-0.276516	0.57
8	58	-0.276517	0.58
8	59	-0.276517	0.59
8	60	-0.276517	0.6
8	61	-0.277588	0.61
8	62	-0.277588	0.62
8	63	-0.277588	0.63
8	64	-0.277588	0.64
8	65	-0.277588	0.65
8	66	-0.277588	0.66
8	67	-0.277588	0.67
8	68	-0.277587	0.68
8	69	-0.277588	0.69
8	70	-0.277588	0.7
8	71	-0.278984	0.71
8	72	-0.279304	0.72
8	73	-0.279304	0.73
8	74	-0.279304	0.74
8	75	-0.279304	0.75
8	76	-0.279304	0.76
8	77	-0.279304	0.77
8	78	-0.279305	0.78
8	79	-0.279852	0.79
8	80	-0.279852	0.8
8	81	-0.280774	0.81
8	82	-0.280774	0.82
8	83	-0.281773	0.83
8	84	-0.28308	0.84
8	85	-0.28308	0.85
8	86	-0.28308	0.86
8	87	-0.28328	0.87
8	88	-0.28328	0.88
8	89	-0.283298	0.89
8	90	-0.283674	0.9
8	91	-0.283674	0.91
8	92	-0.283674	0.92
8	93	-0.283674	0.93
8	94	-0.283674	0.94
8	95	-0.284077	0.95
8	96	-0.284077	0.96
8	97	-0.284077	0.97
8	98	-0.284077	0.98
8	99	-0.284818	0.99
9	0	-0.284959	0.01
9	1	-0.285793	0.02
9	2	-0.285793	0.03
9	3	-0.285793	0.04
9	4	-0.285793	0.05
9	5	-0.285793	0.06
9	6	-0.285793	0.07
9	7	-0.286183	0.08
9	8	-0.286183	0.09
9	9	-0.286934	0.1
9	10	-0.287203	0.11
9	11	-0.287203	0.12
9	12	-0.288021	0.13
9	13	-0.289492	0.14
9	14	-0.289492	0.15
9	15	-0.290708	0.16
9	16	-0.291979	0.17
9	17	-0.293375	0.18
9	18	-0.293375	0.19
9	19	-0.294809	0.2
9	20	-0.294809	0.21
9	21	-0.295848	0.22
9	22	-0.295848	0.23
9	23	-0.297066	0.24
9	24	-0.298117	0.25
9	25	-0.298117	0.26
9	26	-0.298117	0.27
9	27	-0.299386	0.28
9	28	-0.300755	0.29
9	29	-0.300755	0.3
9	30	-0.300755	0.31
9	31	-0.300755	0.32
9	32	-0.300755	0.33
9	33	-0.300755	0.34
9	34	-0.301087	0.35
9	35	-0.300589	0.36
9	36	-0.301465	0.37
9	37	-0.302089	0.38
9	38	-0.303191	0.39
9	39	-0.303191	0.4
9	40	-0.303191	0.41
9	41	-0.303191	0.42
9	42	-0.304337	0.43
9	43	-0.304337	0.44
9	44	-0.304337	0.45
9	45	-0.304787	0.46
9	46	-0.305974	0.47
9	47	-0.305974	0.48
9	48	-0.305974	0.49
9	49	-0.306231	0.5
9	50	-0.307657	0.51
9	51	-0.308133	0.52
9	52	-0.308133	0.53
9	53	-0.308133	0.54
9	54	-0.308133	0.55
9	55	-0.308319	0.56
9	56	-0.308319	0.57
9	57	-0.308497	0.58
9	58	-0.30991	0.59
9	59	-0.30991	0.6
9	60	-0.30991	0.61
9	61	-0.30991	0.62
9	62	-0.310886	0.63
9	63	-0.310886	0.64
9	64	-0.310886	0.65
9	65	-0.310886	0.66
9	66	-0.310886	0.67
9	67	-0.310886	0.68
9	68	-0.310886	0.69
9	69	-0.310886	0.7
9	70	-0.312394	0.71
9	71	-0.312394	0.72
9	72	-0.312808	0.73
9	73	-0.313446	0.74
9	74	-0.313446	0.75
9	75	-0.314185	0.76
9	76	-0.314185	0.77
9	77	-0.314185	0.78
9	78	-0.314185	0.79
9	79	-0.314875	0.8
9	80	-0.315291	0.81
9	81	-0.315291	0.82
9	82	-0.31604	0.83
9	83	-0.31604	0.84
9	84	-0.31604	0.85
9	85	-0.316905	0.86
9	86	-0.318215	0.87
9	87	-0.319384	0.88
9	88	-0.319384	0.89
9	89	-0.319805	0.9
9	90	-0.319805	0.91
9	91	-0.319805	0.92
9	92	-0.319805	0.92
9	93	-0.320433	0.93
9	94	-0.321176	0.94
9	95	-0.321176	0.95
9	96	-0.321176	0.96
9	97	-0.32135	0.97
9	98	-0.32135	0.98
9	99	-0.32135	0.99
10	0	-0.32135	0
10	1	-0.321696	0.01
10	2	-0.322774	0.02
10	3	-0.322774	0.03
10	4	-0.322774	0.03
10	5	-0.322774	0.04
10	6	-0.322774	0.05
10	7	-0.322774	0.06
10	8	-0.322774	0.07
10	9	-0.322774	0.08
10	10	-0.322774	0.09
10	11	-0.322774	0.1
10	12	-0.322774	0.11
10	13	-0.322774	0.12
10	14	-0.322774	0.13
10	15	-0.322775	0.14
10	16	-0.322849	0.15
10	17	-0.322849	0.16
10	18	-0.322849	0.17
10	19	-0.324293	0.18
10	20	-0.324293	0.19
10	21	-0.324293	0.2
10	22	-0.325482	0.21
10	23	-0.325482	0.22
10	24	-0.325482	0.23
10	25	-0.325482	0.24
10	26	-0.325827	0.25
10	27	-0.325827	0.26
10	28	-0.325827	0.27
10	29	-0.325827	0.28
10	30	-0.325945	0.29
10	31	-0.325945	0.3
10	32	-0.325995	0.31
10	33	-0.325995	0.32
10	34	-0.325995	0.33
10	35	-0.326244	0.34
10	36	-0.326244	0.34
10	37	-0.326244	0.35
10	38	-0.326244	0.36
10	39	-0.326244	0.37
10	40	-0.326599	0.38
10	41	-0.326599	0.39
10	42	-0.326599	0.4
10	43	-0.327994	0.41
10	44	-0.327994	0.41
10	45	-0.329067	0.42
10	46	-0.329067	0.43
10	47	-0.329986	0.44
10	48	-0.329986	0.45
10	49	-0.33035	0.46
10	50	-0.331191	0.47
10	51	-0.331775	0.48
10	52	-0.331775	0.49
10	53	-0.331775	0.5
10	54	-0.333241	0.51
10	55	-0.333778	0.52
10	56	-0.333778	0.53
10	57	-0.333778	0.54
10	58	-0.333778	0.55
10	59	-0.333778	0.56
10	60	-0.334916	0.57
10	61	-0.334916	0.58
10	62	-0.336106	0.59
10	63	-0.336668	0.6
10	64	-0.336668	0.61
10	65	-0.336668	0.62
10	66	-0.337823	0.63
10	67	-0.339366	0.64
10	68	-0.339366	0.65
10	69	-0.339366	0.66
10	70	-0.339385	0.67
10	71	-0.339385	0.68
10	72	-0.339385	0.69
10	73	-0.339712	0.7
10	74	-0.339712	0.71
10	75	-0.339713	0.72
10	76	-0.340458	0.73
10	77	-0.340458	0.74
10	78	-0.340458	0.75
10	79	-0.340458	0.76
10	80	-0.340458	0.77
10	81	-0.340458	0.78
10	82	-0.340634	0.79
10	83	-0.340634	0.8
10	84	-0.340634	0.81
10	85	-0.340634	0.82
10	86	-0.340634	0.83
10	87	-0.342018	0.84
10	88	-0.34338	0.85
10	89	-0.34338	0.86
10	90	-0.34338	0.87
10	91	-0.34338	0.88
10	92	-0.34338	0.89
10	93	-0.344227	0.9
10	94	-0.344227	0.91
10	95	-0.344227	0.92
10	96	-0.34465	0.93
10	97	-0.34465	0.94
10	98	-0.344841	0.95
10	99	-0.344841	0.96
11	0	-0.345542	0.01
11	1	-0.345542	0.02
11	2	-0.345542	0.03
11	3	-0.345542	0.04
11	4	-0.345991	0.05
11	5	-0.345991	0.06
11	6	-0.345991	0.07
11	7	-0.346005	0.08
11	8	-0.346005	0.09
11	9	-0.347298	0.1
11	10	-0.347416	0.11
11	11	-0.347416	0.12
11	12	-0.347416	0.13
11	13	-0.347416	0.14
11	14	-0.348533	0.15
11	15	-0.350003	0.16
11	16	-0.351412	0.17
11	17	-0.351412	0.18
11	18	-0.351412	0.19
11	19	-0.351413	0.2
11	20	-0.352546	0.21
11	21	-0.352546	0.22
11	22	-0.354255	0.23
11	23	-0.354255	0.24
11	24	-0.354968	0.25
11	25	-0.354968	0.26
11	26	-0.355299	0.27
11	27	-0.355299	0.28
11	28	-0.355299	0.28
11	29	-0.355299	0.29
11	30	-0.355299	0.3
11	31	-0.355299	0.31
11	32	-0.355299	0.32
11	33	-0.35593	0.33
11	34	-0.35593	0.34
11	35	-0.35593	0.35
11	36	-0.35754	0.36
11	37	-0.35754	0.37
11	38	-0.35754	0.38
11	39	-0.35754	0.39
11	40	-0.35754	0.4
11	41	-0.35754	0.41
11	42	-0.35754	0.42
11	43	-0.35754	0.43
11	44	-0.35754	0.44
11	45	-0.35754	0.45
11	46	-0.358003	0.46
11	47	-0.358003	0.47
11	48	-0.358003	0.48
11	49	-0.359623	0.49
11	50	-0.359623	0.5
11	51	-0.359623	0.51
11	52	-0.36133	0.52
11	53	-0.36133	0.53
11	54	-0.36133	0.54
11	55	-0.363027	0.55
11	56	-0.363027	0.56
11	57	-0.363027	0.57
11	58	-0.363027	0.58
11	59	-0.363027	0.59
11	60	-0.363027	0.6
11	61	-0.363027	0.61
11	62	-0.364082	0.62
11	63	-0.364082	0.63
11	64	-0.365449	0.64
11	65	-0.365449	0.65
11	66	-0.365449	0.66
11	67	-0.366394	0.67
11	68	-0.366394	0.68
11	69	-0.366394	0.69
11	70	-0.367581	0.7
11	71	-0.367581	0.71
11	72	-0.368487	0.72
11	73	-0.368499	0.73
11	74	-0.368499	0.74
11	75	-0.368499	0.75
11	76	-0.368499	0.76
11	77	-0.368499	0.77
11	78	-0.368499	0.78
11	79	-0.368499	0.79
11	80	-0.368499	0.8
11	81	-0.368499	0.81
11	82	-0.368499	0.82
11	83	-0.368499	0.83
11	84	-0.368499	0.84
11	85	-0.368499	0.85
11	86	-0.368499	0.86
11	87	-0.369883	0.87
11	88	-0.370856	0.88
11	89	-0.370856	0.89
11	90	-0.370856	0.9
11	91	-0.370856	0.91
11	92	-0.370922	0.92
11	93	-0.370922	0.93
11	94	-0.370922	0.94
11	95	-0.370922	0.95
11	96	-0.370922	0.96
11	97	-0.370922	0.97
11	98	-0.372045	0.98
11	99	-0.372457	0.99
12	0	-0.372457	0.01
12	1	-0.372457	0.02
12	2	-0.372457	0.03
12	3	-0.374208	0.04
12	4	-0.374208	0.05
12	5	-0.374208	0.06
12	6	-0.374208	0.07
12	7	-0.374208	0.08
12	8	-0.37452	0.09
12	9	-0.37452	0.1
12	10	-0.374656	0.11
12	11	-0.374656	0.12
12	12	-0.374656	0.13
12	13	-0.376054	0.14
12	14	-0.376358	0.15
12	15	-0.377619	0.16
12	16	-0.379297	0.17
12	17	-0.38033	0.18
12	18	-0.38033	0.18
12	19	-0.38033	0.19
12	20	-0.381435	0.2
12	21	-0.381435	0.21
12	22	-0.382457	0.22
12	23	-0.383853	0.23
12	24	-0.385302	0.24
12	25	-0.385302	0.25
12	26	-0.385302	0.26
12	27	-0.385302	0.27
12	28	-0.386557	0.28
12	29	-0.386557	0.29
12	30	-0.386557	0.3
12	31	-0.386557	0.31
12	32	-0.386557	0.32
12	33	-0.386557	0.33
12	34	-0.386952	0.34
12	35	-0.386952	0.35
12	36	-0.386952	0.36
12	37	-0.387836	0.37
12	38	-0.387836	0.38
12	39	-0.388792	0.39
12	40	-0.389927	0.4
12	41	-0.390769	0.41
12	42	-0.390769	0.42
12	43	-0.390769	0.43
12	44	-0.390769	0.44
12	45	-0.39077	0.45
12	46	-0.39077	0.46
12	47	-0.392374	0.47
12	48	-0.392374	0.48
12	49	-0.392374	0.49
12	50	-0.393531	0.5
12	51	-0.393531	0.51
12	52	-0.393528	0.52
12	53	-0.393528	0.53
12	54	-0.393528	0.54
12	55	-0.393528	0.55
12	56	-0.393528	0.56
12	57	-0.394761	0.57
12	58	-0.394762	0.58
12	59	-0.395359	0.59
12	60	-0.395359	0.6
12	61	-0.395359	0.61
12	62	-0.395923	0.62
12	63	-0.396865	0.63
12	64	-0.398009	0.64
12	65	-0.398694	0.65
12	66	-0.399809	0.66
12	67	-0.399809	0.67
12	68	-0.399809	0.68
12	69	-0.399809	0.69
12	70	-0.399809	0.7
12	71	-0.399809	0.71
12	72	-0.399809	0.72
12	73	-0.399809	0.73
12	74	-0.40097	0.74
12	75	-0.401137	0.75
12	76	-0.401137	0.76
12	77	-0.401137	0.77
12	78	-0.401269	0.78
12	79	-0.401269	0.79
12	80	-0.402775	0.8
12	81	-0.402775	0.81
12	82	-0.404037	0.82
12	83	-0.404037	0.83
12	84	-0.405464	0.84
12	85	-0.405464	0.85
12	86	-0.4068	0.86
12	87	-0.408446	0.87
12	88	-0.408446	0.88
12	89	-0.409004	0.89
12	90	-0.4102	0.9
12	91	-0.4102	0.91
12	92	-0.411734	0.92
12	93	-0.412077	0.93
12	94	-0.412077	0.94
12	95	-0.412077	0.95
12	96	-0.412077	0.96
12	97	-0.412077	0.97
12	98	-0.413318	0.98
12	99	-0.413318	0.99
13	0	-0.413318	0.01
13	1	-0.413318	0.02
13	2	-0.414073	0.03
13	3	-0.414073	0.04
13	4	-0.414934	0.05
13	5	-0.414933	0.06
13	6	-0.414933	0.07
13	7	-0.416097	0.08
13	8	-0.416097	0.09
13	9	-0.416905	0.1
13	10	-0.416905	0.11
13	11	-0.417682	0.12
13	12	-0.419042	0.13
13	13	-0.420558	0.14
13	14	-0.420558	0.15
13	15	-0.421109	0.16
13	16	-0.42223	0.17
13	17	-0.42223	0.18
13	18	-0.42223	0.19
13	19	-0.42223	0.2
13	20	-0.42223	0.21
13	21	-0.422231	0.22
13	22	-0.42288	0.23
13	23	-0.42288	0.24
13	24	-0.422888	0.25
13	25	-0.422888	0.26
13	26	-0.422888	0.27
13	27	-0.422888	0.28
13	28	-0.422888	0.29
13	29	-0.422888	0.3
13	30	-0.422888	0.31
13	31	-0.422888	0.32
13	32	-0.424182	0.33
13	33	-0.424182	0.34
13	34	-0.424182	0.35
13	35	-0.424738	0.36
13	36	-0.424738	0.37
13	37	-0.425758	0.38
13	38	-0.426271	0.39
13	39	-0.427874	0.4
13	40	-0.427874	0.41
13	41	-0.427874	0.42
13	42	-0.427874	0.42
13	43	-0.429644	0.43
13	44	-0.429644	0.44
13	45	-0.429644	0.45
13	46	-0.429644	0.46
13	47	-0.429644	0.47
13	48	-0.429645	0.48
13	49	-0.429645	0.49
13	50	-0.429645	0.5
13	51	-0.430735	0.51
13	52	-0.431481	0.52
13	53	-0.431481	0.53
13	54	-0.431481	0.54
13	55	-0.43314	0.55
13	56	-0.433177	0.56
13	57	-0.433177	0.57
13	58	-0.434591	0.58
13	59	-0.434591	0.59
13	60	-0.434591	0.6
13	61	-0.434591	0.61
13	62	-0.434895	0.62
13	63	-0.434895	0.63
13	64	-0.435904	0.64
13	65	-0.435904	0.65
13	66	-0.435904	0.66
13	67	-0.435961	0.67
13	68	-0.436068	0.68
13	69	-0.436441	0.69
13	70	-0.436441	0.7
13	71	-0.436441	0.71
13	72	-0.436441	0.72
13	73	-0.436441	0.73
13	74	-0.436441	0.74
13	75	-0.436441	0.75
13	76	-0.436441	0.76
13	77	-0.436441	0.77
13	78	-0.436441	0.78
13	79	-0.436441	0.79
13	80	-0.436441	0.8
13	81	-0.437044	0.81
13	82	-0.437044	0.82
13	83	-0.437044	0.82
13	84	-0.438437	0.83
13	85	-0.439967	0.84
13	86	-0.439967	0.85
13	87	-0.441738	0.86
13	88	-0.441738	0.87
13	89	-0.442164	0.88
13	90	-0.442164	0.89
13	91	-0.442851	0.9
13	92	-0.442851	0.91
13	93	-0.442851	0.92
13	94	-0.442851	0.93
13	95	-0.443391	0.94
13	96	-0.443391	0.95
13	97	-0.443391	0.96
13	98	-0.443391	0.97
13	99	-0.443391	0.98
14	0	-0.443391	0.01
14	1	-0.443391	0.02
14	2	-0.44458	0.03
14	3	-0.44458	0.04
14	4	-0.44458	0.05
14	5	-0.44458	0.06
14	6	-0.44458	0.07
14	7	-0.44458	0.08
14	8	-0.44458	0.09
14	9	-0.445685	0.1
14	10	-0.447309	0.11
14	11	-0.447309	0.12
14	12	-0.447309	0.13
14	13	-0.447309	0.14
14	14	-0.447309	0.15
14	15	-0.447309	0.16
14	16	-0.447309	0.17
14	17	-0.448181	0.18
14	18	-0.448503	0.19
14	19	-0.448503	0.2
14	20	-0.448503	0.21
14	21	-0.448503	0.22
14	22	-0.448503	0.23
14	23	-0.450009	0.24
14	24	-0.450566	0.25
14	25	-0.4507	0.26
14	26	-0.4507	0.27
14	27	-0.4507	0.27
14	28	-0.4507	0.28
14	29	-0.4507	0.29
14	30	-0.450767	0.3
14	31	-0.450767	0.31
14	32	-0.450767	0.32
14	33	-0.45226	0.33
14	34	-0.45226	0.34
14	35	-0.45226	0.34
14	36	-0.453303	0.35
14	37	-0.453303	0.36
14	38	-0.453491	0.37
14	39	-0.453491	0.38
14	40	-0.454339	0.39
14	41	-0.455336	0.4
14	42	-0.455899	0.41
14	43	-0.45711	0.42
14	44	-0.457629	0.43
14	45	-0.457729	0.44
14	46	-0.457729	0.45
14	47	-0.458985	0.46
14	48	-0.458985	0.47
14	49	-0.458985	0.48
14	50	-0.459375	0.49
14	51	-0.459375	0.5
14	52	-0.459375	0.51
14	53	-0.459375	0.52
14	54	-0.460273	0.53
14	55	-0.460273	0.54
14	56	-0.461311	0.55
14	57	-0.462128	0.56
14	58	-0.462128	0.57
14	59	-0.462128	0.58
14	60	-0.462191	0.59
14	61	-0.462191	0.6
14	62	-0.462191	0.61
14	63	-0.46293	0.62
14	64	-0.46293	0.63
14	65	-0.464877	0.64
14	66	-0.464877	0.65
14	67	-0.466062	0.66
14	68	-0.467963	0.67
14	69	-0.468347	0.68
14	70	-0.468347	0.69
14	71	-0.468347	0.7
14	72	-0.470085	0.71
14	73	-0.471529	0.72
14	74	-0.471529	0.73
14	75	-0.471529	0.74
14	76	-0.471529	0.75
14	77	-0.471529	0.76
14	78	-0.471529	0.77
14	79	-0.472976	0.78
14	80	-0.472976	0.79
14	81	-0.473245	0.8
14	82	-0.473245	0.81
14	83	-0.473245	0.82
14	84	-0.473245	0.83
14	85	-0.473245	0.84
14	86	-0.473245	0.85
14	87	-0.473245	0.86
14	88	-0.473245	0.87
14	89	-0.473245	0.88
14	90	-0.473245	0.89
14	91	-0.473245	0.9
14	92	-0.474891	0.91
14	93	-0.476305	0.92
14	94	-0.478171	0.93
14	95	-0.480038	0.94
14	96	-0.480038	0.95
14	97	-0.480038	0.96
14	98	-0.480409	0.97
14	99	-0.480409	0.98
15	0	-0.480409	0.01
15	1	-0.480409	0.02
15	2	-0.481619	0.03
15	3	-0.483437	0.04
15	4	-0.483437	0.05
15	5	-0.484127	0.06
15	6	-0.484127	0.07
15	7	-0.484127	0.08
15	8	-0.484127	0.09
15	9	-0.484127	0.1
15	10	-0.48611	0.11
15	11	-0.48611	0.12
15	12	-0.48611	0.13
15	13	-0.48611	0.14
15	14	-0.487817	0.15
15	15	-0.488349	0.16
15	16	-0.488349	0.16
15	17	-0.488342	0.17
15	18	-0.488342	0.18
15	19	-0.490247	0.19
15	20	-0.490247	0.2
15	21	-0.491994	0.21
15	22	-0.491994	0.22
15	23	-0.491994	0.23
15	24	-0.491994	0.24
15	25	-0.493727	0.25
15	26	-0.493727	0.26
15	27	-0.494066	0.27
15	28	-0.495692	0.28
15	29	-0.495692	0.28
15	30	-0.495692	0.29
15	31	-0.497216	0.3
15	32	-0.497216	0.31
15	33	-0.497216	0.32
15	34	-0.497216	0.33
15	35	-0.498451	0.34
15	36	-0.498451	0.35
15	37	-0.500374	0.36
15	38	-0.500374	0.37
15	39	-0.500374	0.38
15	40	-0.501904	0.39
15	41	-0.501904	0.39
15	42	-0.501904	0.4
15	43	-0.501904	0.41
15	44	-0.501904	0.42
15	45	-0.50329	0.43
15	46	-0.50329	0.44
15	47	-0.50329	0.45
15	48	-0.50329	0.46
15	49	-0.503282	0.47
15	50	-0.503282	0.48
15	51	-0.504131	0.49
15	52	-0.504131	0.5
15	53	-0.504131	0.51
15	54	-0.504131	0.51
15	55	-0.504131	0.52
15	56	-0.504131	0.53
15	57	-0.504131	0.54
15	58	-0.505927	0.55
15	59	-0.505927	0.56
15	60	-0.506666	0.57
15	61	-0.506666	0.57
15	62	-0.508457	0.58
15	63	-0.508457	0.59
15	64	-0.509746	0.6
15	65	-0.511086	0.61
15	66	-0.511086	0.61
15	67	-0.511086	0.62
15	68	-0.511086	0.63
15	69	-0.511086	0.64
15	70	-0.511086	0.65
15	71	-0.512312	0.66
15	72	-0.513963	0.67
15	73	-0.513963	0.68
15	74	-0.513964	0.69
15	75	-0.515705	0.7
15	76	-0.515705	0.71
15	77	-0.515898	0.72
15	78	-0.515898	0.72
15	79	-0.515898	0.73
15	80	-0.517712	0.74
15	81	-0.51786	0.75
15	82	-0.519509	0.76
15	83	-0.520965	0.77
15	84	-0.520965	0.78
15	85	-0.521644	0.79
15	86	-0.521644	0.8
15	87	-0.521644	0.81
15	88	-0.521644	0.81
15	89	-0.52268	0.82
15	90	-0.52268	0.83
15	91	-0.52268	0.83
15	92	-0.524097	0.84
15	93	-0.524096	0.85
15	94	-0.524096	0.86
15	95	-0.524096	0.87
15	96	-0.524096	0.88
15	97	-0.524096	0.89
15	98	-0.524096	0.9
15	99	-0.524096	0.9
16	0	-0.525024	0.01
16	1	-0.525024	0.02
16	2	-0.525024	0.03
16	3	-0.525052	0.04
16	4	-0.525052	0.05
16	5	-0.525052	0.06
16	6	-0.52571	0.07
16	7	-0.525813	0.08
16	8	-0.527506	0.09
16	9	-0.527506	0.1
16	10	-0.527506	0.11
16	11	-0.529347	0.12
16	12	-0.529347	0.13
16	13	-0.531279	0.14
16	14	-0.53224	0.15
16	15	-0.53224	0.16
16	16	-0.53224	0.17
16	17	-0